 Tageswerte der Station 10637 Frankfurt/M-Flughafen                                               
 STAT JJJJMMDD QN     TG     TN     TM     TX    RFM     FM     FX     SO     NM     RR     PM
----- -------- -- ------ ------ ------ ------ ------ ------ ------ ------ ------ ------ ------
10637 20170507  1   11.4   11.9   13.5   15.8   94.7    2.0    7.7    0.0    8.0    7.0 1000.9
10637 20170506  1    5.4    7.6   14.8   21.7   67.3    3.0   10.8    9.8    4.5    2.5  999.1
10637 20170505  1    4.9    8.0   11.2   14.9   77.7    2.0    8.9    1.0    5.8    0.0 1006.3
10637 20170504  1    8.8    9.5   11.1   13.1   88.7    2.0   10.1    0.3    7.4   20.9 1003.9
10637 20170503  1    6.7    7.0    9.7   11.9   90.7    2.0    9.4    0.0    7.6    1.4 1006.0
10637 20170502  1    7.0    7.4    8.7   10.5   96.8    3.0    7.7    0.0    8.0    5.7 1002.6
10637 20170501  1    7.7    8.0    9.7   12.0   81.9    2.0   11.5    0.0    7.3    9.1  999.5
10637 20170430  1    3.5    5.2   12.7   19.8   47.3    3.0   13.4   13.1    2.1    0.0  999.4
10637 20170429  1    2.2    4.7   10.3   15.9   55.7    2.0    9.8    9.2    3.1    0.0 1004.8
10637 20170428  1   -3.3   -0.4    8.3   13.8   54.9    2.0    9.8    5.8    5.0    0.0 1002.0
10637 20170427  1   -0.8    1.9    7.7   13.4   55.4    2.0    9.8    5.3    5.7    0.0 1002.1
10637 20170426  1    3.3    4.3    8.3   12.8   49.3    2.0    9.8    3.1    7.1    0.0  999.1
10637 20170425  1   -0.5    1.8    7.8   11.6   61.2    3.0   11.0    0.5    7.1    0.0  995.9
10637 20170424  1   -4.8   -1.8    8.2   17.0   60.9    2.0    9.3   12.4    4.4    0.0 1003.1
10637 20170423  1   -1.8    1.2    7.2   11.7   59.1    3.0    9.3    2.1    4.9    0.0 1012.1
10637 20170422  1    4.6    6.5   10.4   13.0   60.6    3.0   13.2    3.0    6.4    0.0 1011.3
10637 20170421  1   -2.3    0.9    9.5   14.8   57.1    2.0   10.3    6.3    5.3    0.0 1017.0
10637 20170420  1   -6.1   -2.9    5.2   12.2   57.5    2.0   10.6   13.2    3.1    0.0 1022.2
10637 20170419  1   -5.0   -1.4    4.3    7.7   60.5    3.0   13.4    3.4    4.5    0.0 1020.0
10637 20170418  1    1.9    3.3    5.6   10.7   71.1    3.0   13.0    5.0    5.4    0.2 1011.4
10637 20170417  1    2.2    3.8    6.0   10.4   80.4    2.0   14.1    2.4    6.5    7.0 1004.8
10637 20170416  1    0.9    4.5    8.1   11.5   67.6    3.0   12.7    0.6    6.6    3.1 1006.9
10637 20170415  1    3.2    5.5   10.0   14.3   67.8    3.0   14.9    0.0    6.8    0.0 1003.3
10637 20170414  1    0.1    3.4   10.6   16.6   59.7    2.0   10.6    8.0    4.9    0.0 1003.7
10637 20170413  1    3.1    5.7   11.7   15.7   60.0    3.0   10.8    3.7    6.3    0.0 1002.4
10637 20170412  1    0.3    2.2   11.8   19.6   60.1    4.0   14.4    4.3    6.8    0.1 1004.8
10637 20170411  1    0.4    3.6    9.1   15.1   59.7    2.0    8.9    6.6    5.6    0.0 1012.6
10637 20170410  1    0.7    3.1   11.8   21.3   65.7    3.0   12.2   11.0    3.0    0.0 1007.0
10637 20170409  1    1.7    4.7   12.8   22.3   63.5    2.0    6.7   12.3    0.6    0.0 1010.7
10637 20170408  1    2.3    6.3   11.2   17.4   70.4    1.0    6.5    4.4    4.7    0.0 1011.7
10637 20170407  3    0.4    2.1    8.8   14.7   69.6    2.0   11.1    3.7    4.6    0.0 1012.4
10637 20170406  3    3.0    5.9    9.3   13.7   57.7    3.0   10.1    5.2    5.0    0.0 1013.4
10637 20170405  3    1.7    4.4   11.2   17.6   59.8    2.0   12.7    7.5    4.1    0.0 1011.0
10637 20170404  3    2.7    6.4   11.7   16.8   60.8    2.0    7.5    8.6    2.4    0.0 1010.7
10637 20170403  3    4.3    7.3   13.6   19.0   59.6    3.0   11.3    9.9    2.1    0.0 1011.8
10637 20170402  3    5.2    7.5   13.0   18.8   68.3    2.0    9.6    5.3    4.6    0.0 1006.5
10637 20170401  3    4.4    7.1   13.9   21.6   60.5    2.0    8.7    5.2    6.3    0.0  999.6
10637 20170331  3    3.4    6.4   15.3   23.5   55.8    3.0   17.0    8.8    5.4    0.0 1004.2
10637 20170330  3    6.8   10.6   15.6   21.7   61.4    2.0    8.1    9.3    4.7    0.0 1012.8
10637 20170329  3    2.7    6.1   13.9   20.0   63.8    3.0   11.1    7.0    4.6    0.0 1013.2
10637 20170328  3   -1.3    1.4   12.8   22.0   54.8    2.0   10.5   10.0    1.1    0.0 1010.0
10637 20170327  3    0.1    3.4   11.0   18.8   45.3    2.0    7.7   12.0    1.7    0.0 1011.2
10637 20170326  3    2.1    5.8   10.6   16.3   49.4    2.0   10.8   10.6    4.9    0.0 1010.8
10637 20170325  3    2.5    4.6   10.8   16.7   53.1    3.0   12.2   11.2    4.0    0.0 1013.5
10637 20170324  3    5.1    7.0   10.2   15.3   68.3    3.0   13.2    5.7    5.2    0.0 1013.7
10637 20170323  3    3.2    4.8    9.7   15.3   77.0    2.0   10.1    5.6    6.2    0.0 1003.6
10637 20170322  3    2.9    3.9    6.9    9.3   83.1    2.0    6.2    0.1    7.2    0.0 1002.2
10637 20170321  3    4.2    4.8    9.2   12.6   82.4    3.0   12.5    0.0    8.0    4.5  998.5
10637 20170320  3    9.9   10.7   12.1   14.4   63.6    4.0   14.7    0.3    7.5    0.0  998.4
10637 20170319  3    9.0    9.2   12.2   15.1   82.1    4.0   15.1    0.0    7.6    0.0  998.5
10637 20170318  3    5.8    6.7    9.8   12.5   83.6    4.0   16.6    0.0    7.8    6.9  996.5
10637 20170317  3   -1.4    0.4    8.1   14.7   72.9    3.0   12.7    2.4    5.7    1.7 1002.9
10637 20170316  3   -1.7    0.6    8.5   17.5   70.6    1.0    6.2   10.7    3.2    0.0 1012.0
10637 20170315  3    0.9    3.5   10.2   15.8   73.4    2.0    8.7    3.9    5.7    0.0 1018.5
10637 20170314  3   -1.2    0.3    7.8   16.3   69.8    2.0    7.2    8.0    6.5    0.0 1018.8
10637 20170313  3   -1.6    1.3    6.7   13.7   60.7    2.0    6.7    8.8    3.2    0.0 1012.5
10637 20170312  3   -1.6    0.6    7.2   14.0   59.9    2.0    9.1   10.1    3.3    0.0 1005.1
10637 20170311  3   -2.0   -0.1    6.7   13.7   65.2    2.0    6.9    6.8    5.0    0.0 1010.3
10637 20170310  3   -0.3    2.3    7.9   12.3   61.9    2.0   11.3    8.4    3.6    0.0 1014.5
10637 20170309  3    3.7    5.1   10.2   17.0   83.6    3.0   13.4    1.9    5.5    2.4 1006.5
10637 20170308  3   -1.6    0.4    4.6    8.2   96.0    3.0   15.3    0.0    6.8   13.2 1007.1
10637 20170307  3    3.2    4.3    6.1   10.1   85.1    3.0   12.9    2.0    6.8    0.7 1002.0
10637 20170306  3    2.6    4.2    6.2    8.5   87.0    3.0   13.4    0.3    7.1    2.4  989.7
10637 20170305  3    4.3    4.8    7.3   11.0   81.8    4.0   19.0    1.6    7.1    5.4  989.3
10637 20170304  3    0.0    2.9    9.2   16.8   67.3    3.0   16.3    4.3    6.8    2.7  983.9
10637 20170303  3   -2.2    0.2    6.7   12.9   64.0    2.0    9.4    1.9    7.3    0.0  997.5
10637 20170302  3    0.3    3.5    8.6   11.6   59.9    5.0   20.6    2.2    5.3    0.0  998.2
10637 20170301  3    3.5    4.5    6.8   10.0   80.0    4.0   18.2    0.7    7.2    2.7  990.6
10637 20170228  3    2.6    4.4    6.1    9.2   78.4    4.0   16.6    1.6    6.7    1.0  983.4
10637 20170227  3    6.3    7.1   11.2   14.9   63.6    4.0   22.8    1.7    6.9    4.3  991.7
10637 20170226  3   -0.6    1.8    8.3   14.4   63.9    3.0   13.7    5.1    5.6    0.0 1002.4
10637 20170225  3   -6.2   -3.5    2.8   10.1   77.8    2.0   11.7    5.5    4.5    0.0 1008.8
10637 20170224  3   -4.4   -1.8    5.5    9.0   63.2    4.0   17.8    3.5    4.8    0.1  999.8
10637 20170223  3    5.6    8.4    9.9   11.1   69.8    5.0   21.4    0.0    7.0    0.0  990.0
10637 20170222  3    8.6   10.0   10.7   11.7   82.4    5.0   19.0    0.0    7.5    0.0  998.3
10637 20170221  3    7.5    9.7   10.3   12.4   90.2    3.0   12.9    0.0    7.4    0.8 1003.2
10637 20170220  3    2.8    4.7    7.7   10.3   88.2    3.0   14.2    0.0    7.5    1.1 1007.1
10637 20170219  3   -6.2   -4.0    2.9    8.9   86.0    2.0    9.1    1.4    4.8    0.1 1011.1
10637 20170218  3   -3.2    0.0    6.3    8.7   73.3    2.0    9.1    0.0    7.0    0.0 1014.6
10637 20170217  3   -0.9    2.0    6.2    9.0   89.5    2.0    8.7    1.6    6.3    0.2 1013.5
10637 20170216  3   -4.6   -3.1    4.2   12.8   88.5    2.0    7.5    6.5    3.9    2.8 1018.4
10637 20170215  3   -6.2   -4.1    2.1    9.7   78.1    1.0    6.0    8.5    0.0    0.0 1021.9
10637 20170214  3   -4.7   -1.5    3.6    9.9   62.7    2.0    6.2    9.0    0.0    0.0 1018.0
10637 20170213  3   -3.4    0.6    4.3    9.9   66.0    3.0    9.3    6.1    3.7    0.0 1016.6
10637 20170212  3   -1.8    0.0    2.8    6.3   77.0    3.0    8.7    3.5    6.7    0.0 1013.9
10637 20170211  3   -1.6   -1.2    3.2    7.2   75.8    2.0    6.5    2.5    6.4    0.0 1007.8
10637 20170210  3   -4.5   -2.9    0.4    2.0   76.4    2.0    6.7    0.0    6.8    0.1 1009.1
10637 20170209  3   -3.9   -2.6    0.3    4.2   70.6    2.0    9.8    5.0    7.0    0.0 1013.7
10637 20170208  3   -1.8   -0.7    2.4    6.1   79.0    3.0   10.6    3.4    5.3    0.0 1010.4
10637 20170207  3   -0.4    1.5    3.9    6.8   82.9    2.0    7.2    0.1    7.2    0.0 1005.8
10637 20170206  3   -0.5    1.9    4.8    7.9   75.8    2.0    9.6    1.3    7.0    0.0 1003.4
10637 20170205  3   -2.6    0.2    5.6    8.9   82.2    2.0   11.1    5.0    6.2    0.0  991.6
10637 20170204  3   -2.2    0.7    5.8    8.7   87.2    2.0    9.4    0.0    6.5    4.9  989.5
10637 20170203  3   -1.4    2.0    5.6   10.5   96.0    2.0    8.9    0.1    6.0    0.8  994.0
10637 20170202  3    1.2    2.9    5.1    8.2   89.5    2.0    3.6    0.7    7.2    0.3  998.8
10637 20170201  3   -0.6    1.0    3.8    5.8   77.7    2.0    6.2    1.2    7.3    0.2 1005.3
10637 20170131  3    0.5    1.7    3.6    5.1   82.6    2.0    9.1    0.2    7.4    0.0 1003.6
10637 20170130  3   -5.9   -2.8    2.2    5.2   98.0    2.0   11.3    0.0    7.6    2.0 1002.1
10637 20170129  3   -7.7   -4.8   -0.6    3.5   82.4    1.0    6.0    0.2    6.3    1.0 1009.8
10637 20170128  3   -9.2   -6.3   -1.7    2.7   74.5    1.0    6.9    5.4    4.9    0.0 1008.3
10637 20170127  3   -9.8   -6.5   -1.9    3.7   74.2    2.0    5.8    4.3    4.0    0.0 1009.5
10637 20170126  3   -8.1   -5.1   -0.4    3.1   67.3    2.0    7.7    5.2    3.8    0.0 1013.6
10637 20170125  3   -3.6   -3.4   -1.6   -0.5   71.8    2.0    7.7    0.0    7.9    0.0 1018.1
10637 20170124  3   -3.1   -3.0   -2.5   -1.8   85.1    1.0    6.3    0.0    8.0    0.0 1015.9
10637 20170123  3  -14.3  -12.8   -6.7   -1.1   85.6    2.0   10.3    5.3    3.0    0.0 1013.7
10637 20170122  3  -11.9   -9.3   -4.7    0.9   77.3    2.0    6.7    7.4    0.0    0.0 1014.2
10637 20170121  3   -9.0   -6.4   -1.8    3.5   67.4    2.0    6.2    8.1    0.3    0.0 1017.6
10637 20170120  3   -9.7   -7.5   -2.3    4.8   62.0    2.0    8.6    8.3    0.7    0.0 1021.1
10637 20170119  3   -9.3   -7.2   -2.8    1.7   67.2    2.0   12.7    7.9    0.3    0.0 1023.7
10637 20170118  3   -8.3   -5.1   -2.6    0.2   71.1    3.0   10.3    7.5    2.2    0.0 1024.9
10637 20170117  3   -4.7   -3.6   -1.4    0.9   66.0    3.0   11.5    4.8    3.8    0.0 1022.2
10637 20170116  3   -7.4   -5.1   -2.6    0.9   83.8    2.0    9.1    6.1    1.9    0.0 1013.6
10637 20170115  3   -6.0   -3.9    0.9    3.7   81.3    3.0    9.8    4.5    4.5    0.0 1007.3
10637 20170114  3   -0.4    0.3    2.2    3.7   80.2    3.0   15.1    0.2    7.2    0.0  998.7
10637 20170113  3   -3.7   -0.8    2.4    6.9   80.7    5.0   27.1    0.2    6.8    3.0  986.6
10637 20170112  3    0.8    2.6    4.3    5.9   83.1    4.0   17.3    0.0    7.0    4.7  995.5
10637 20170111  3   -1.5   -1.0    1.6    5.0   96.1    3.0   16.5    0.0    7.5    2.5  998.5
10637 20170110  3   -3.7   -1.1   -0.2    0.6   96.6    2.0    7.5    0.0    7.6    4.1 1000.4
10637 20170109  3   -0.7   -0.4    0.4    1.4   96.1    2.0    9.6    0.0    7.8    1.5 1013.5
10637 20170108  3   -2.7   -2.6   -0.6    1.5   96.3    2.0    8.7    0.0    7.8    0.0 1017.9
10637 20170107  3  -12.0  -11.5   -6.5   -2.6   85.9    2.0    9.3    0.0    6.4    0.1 1021.7
10637 20170106  3  -11.6  -10.4   -6.1   -3.0   76.7    2.0    4.3    7.7    0.8    0.0 1027.7
10637 20170105  3   -8.4   -6.1   -0.5    1.3   74.1    3.0   12.3    4.0    2.3    0.0 1016.0
10637 20170104  3   -2.4   -0.1    2.7    5.2   86.5    4.0   16.8    2.1    6.8    4.6 1003.0
10637 20170103  3   -4.4   -1.8    1.0    3.9   86.3    3.0   14.2    0.7    6.9    0.0 1012.5
10637 20170102  3   -3.8   -1.6    0.4    2.5   92.6    3.0    9.3    0.5    7.0    0.9 1009.8
10637 20170101  3   -3.6   -4.0   -3.0   -1.6   98.2    2.0    9.4    0.0    8.0    0.0 1010.8
10637 20161231  3   -3.7   -4.0   -3.5   -2.4   99.2    2.0    5.1    0.0    8.0    0.0 1021.9
10637 20161230  3   -7.7   -3.6   -1.5    2.9   94.2    2.0    5.8    6.8    3.0    0.0 1026.1
10637 20161229  3   -5.3   -2.2    1.5    6.6   88.8    2.0    5.1    7.4    0.8    0.0 1028.1
10637 20161228  3   -0.1    2.2    4.8    6.9   77.9    2.0    6.2    0.1    7.0    0.0 1031.3
10637 20161227  3    0.7    2.4    5.1    7.3   77.5    3.0   10.3    0.1    6.1    0.0 1027.8
10637 20161226  3    2.0    3.5    8.0   10.8   79.3    4.0   14.2    0.4    6.7    0.7 1017.3
10637 20161225  3    6.3    7.6    8.5    9.6   82.2    4.0   14.7    0.0    7.8    0.0 1014.9
10637 20161224  3    4.0    4.9    7.0    9.0   83.5    4.0   12.9    1.1    7.3    1.5 1015.7
10637 20161223  3    1.3    1.3    3.0    4.9   98.9    2.0    9.3    0.0    8.0    0.1 1021.9
10637 20161222  3   -0.4   -0.6    0.2    1.4  100.0    2.0   11.1    0.0    8.0    4.0 1019.3
10637 20161221  3   -6.3   -4.4   -0.8    0.7   98.0    2.0    9.4    0.0    7.2    0.0 1017.5
10637 20161220  3   -5.7   -3.6    0.8    3.9   83.6    2.0    9.9    6.1    1.9    0.0 1012.5
10637 20161219  3    2.3    2.9    3.9    5.3   85.7    2.0    8.2    0.3    7.3    0.0 1016.3
10637 20161218  3    1.6    2.6    3.4    4.5   97.0    2.0    7.0    0.0    7.8    0.0 1022.9
10637 20161217  3    1.2    1.2    2.2    3.0   88.8    1.0    5.7    0.0    8.0    0.1 1025.7
10637 20161216  3    1.5    1.6    3.6    4.8   80.1    2.0    5.7    0.0    8.0    0.0 1018.8
10637 20161215  3    4.3    4.8    6.5    7.9   87.8    2.0    6.7    0.0    7.4    0.0 1015.0
10637 20161214  3    3.3    3.4    5.1    6.8   95.5    2.0    7.0    0.0    8.0    0.0 1013.1
10637 20161213  3   -1.2    1.8    2.8    5.0   99.5    2.0    7.2    0.0    7.5    2.7 1014.0
10637 20161212  3    2.6    4.6    6.4    7.9   90.7    2.0    6.2    0.0    7.5    0.0 1013.5
10637 20161211  3    3.5    4.9    7.8   10.1   77.2    3.0   14.4    0.3    7.2    0.2 1008.9
10637 20161210  3   -3.9   -1.9    2.4    8.2   91.7    2.0   10.6    6.4    4.4    0.0 1013.5
10637 20161209  3   -2.0   -1.5    1.9    4.6   96.1    2.0    8.7    0.0    7.3    0.0 1018.6
10637 20161208  3   -1.5   -1.4   -0.8   -0.3  100.0    2.0   10.8    0.0    7.9    0.0 1021.0
10637 20161207  3   -1.9   -2.2   -1.4   -0.5   99.4    2.0    6.5    0.0    8.0    0.0 1023.0
10637 20161206  3   -2.7   -2.9   -2.2   -1.4   99.7    1.0    4.6    0.0    8.0    0.0 1020.3
10637 20161205  3   -8.2   -5.9   -3.2   -1.2   91.3    2.0    6.2    0.6    5.0    0.0 1016.4
10637 20161204  3   -7.8   -5.8   -1.8    3.4   80.7    2.0    6.3    7.6    0.7    0.0 1015.6
10637 20161203  3   -7.2   -4.1   -0.3    4.1   84.2    2.0    9.6    7.8    0.6    0.0 1013.1
10637 20161202  3   -4.8   -1.2    5.0    8.8   85.0    2.0   10.1    0.0    5.5    0.0 1010.0
10637 20161201  3    0.1    0.5    3.0    5.0   77.5    3.0   10.6    0.0    7.9    0.0 1014.7
10637 20161130  3   -9.1   -7.6   -2.1    3.4   82.6    2.0    8.4    7.2    4.4    0.0 1020.6
10637 20161129  3   -7.0   -4.4   -1.0    3.2   73.5    2.0    8.2    7.9    0.1    0.0 1021.8
10637 20161128  3   -5.5   -2.5    1.1    4.3   75.0    2.0   10.5    7.7    0.7    0.0 1016.1
10637 20161127  3   -0.5    2.1    5.8    8.9   82.8    2.0   10.5    0.1    5.6    0.0 1007.2
10637 20161126  3    3.8    4.8    6.4    7.4   82.5    2.0    8.1    0.0    7.8    0.0 1006.3
10637 20161125  3    6.3    6.6    7.7    9.5   78.4    3.0   10.8    0.0    7.3    0.0 1006.6
10637 20161124  3    6.3    7.8   10.5   13.6   77.5    3.0   10.8    4.3    6.5    0.0 1005.5
10637 20161123  3    3.7    5.6    9.4   12.1   86.0    2.0    7.7    1.3    6.8    0.0 1004.7
10637 20161122  3    3.8    5.0    8.3   12.2   93.3    1.0    5.8    0.8    7.2    0.0  999.6
10637 20161121  3    4.3    6.2    9.7   11.7   75.7    2.0    6.3    0.0    7.5    0.4  992.1
10637 20161120  3   -0.4    1.5    9.3   14.9   69.9    3.0   17.5    0.5    6.5    0.0  991.5
10637 20161119  3    2.7    4.5    6.8    9.7   82.3    3.0   12.2    1.8    5.9    0.2  996.6
10637 20161118  3    4.0    6.0    9.9   13.7   80.4    4.0   17.0    0.4    6.3    2.9  990.6
10637 20161117  3    7.2    8.8   10.7   12.4   88.0    4.0   15.1    0.0    7.1    0.3  996.8
10637 20161116  3    5.4    5.8    8.2   10.1   98.0    3.0   14.4    0.0    7.9    1.0 1006.9
10637 20161115  3   -0.1    0.4    2.6    5.8   95.1    3.0   13.9    0.0    7.8    5.3 1016.2
10637 20161114  3   -5.5   -3.8    0.2    4.7   77.5    2.0    7.2    7.8    3.1    0.0 1020.6
10637 20161113  3   -3.7   -2.4    1.9    5.5   77.3    2.0    6.2    1.5    6.1    0.0 1014.4
10637 20161112  3   -2.2   -0.5    2.1    4.5   77.8    2.0    4.6    0.7    7.0    0.0 1012.5
10637 20161111  3    2.1    2.6    5.0    6.0   87.7    2.0   11.1    0.0    7.9    3.3 1002.9
10637 20161110  3    2.7    3.3    5.2    8.6   91.1    3.0   11.3    0.0    7.6    4.3  994.0
10637 20161109  3   -0.3    0.8    3.4    6.0   92.8    2.0   13.4    0.0    7.6    5.7  992.2
10637 20161108  3   -2.7   -1.1    2.2    5.1   97.6    2.0   11.1    0.6    6.2    1.1  997.1
10637 20161107  3    1.4    2.0    3.6    5.7   89.9    3.0   11.5    0.0    7.5    1.1  994.9
10637 20161106  3   -1.0    0.9    4.5    9.1   87.0    3.0   10.3    4.7    4.1    0.0  989.6
10637 20161105  3    2.1    3.4    6.1    8.0   99.3    2.0    6.2    0.0    7.6   12.8  990.4
10637 20161104  3   -2.5   -1.2    3.4    6.9   93.5    1.0    8.2    0.0    6.6    0.9 1002.6
10637 20161103  3   -1.7   -0.2    4.5    9.6   91.1    2.0    8.6    0.8    5.0    0.0 1009.5
10637 20161102  3    1.9    4.2    7.2   11.0   84.6    3.0   11.5    3.7    5.2    0.0 1006.5
10637 20161101  3    0.7    2.1    5.4    7.5   98.3    2.0    8.2    0.0    5.8    0.1 1009.0
10637 20161031  3    2.7    4.4    8.8   14.6   84.7    2.0    5.1    9.2    2.6    0.0 1016.2
10637 20161030  3    2.2    3.5    8.4   14.0   85.2    2.0    6.0    8.7    2.6    0.0 1018.7
10637 20161029  3    2.9    4.6   10.2   16.0   86.0    2.0   11.3    5.8    3.1    0.0 1020.8
10637 20161028  3    2.9    4.6    9.6   14.1   90.0    2.0    9.3    0.8    7.2    0.0 1021.5
10637 20161027  3    1.7    2.8    7.9   13.3   93.6    2.0    8.7    1.5    5.3    0.0 1020.9
10637 20161026  3    3.0    4.6    9.4   12.5   85.9    2.0    5.7    0.6    6.4    0.0 1016.3
10637 20161025  3    6.5    8.7   11.8   14.2   89.8    2.0    8.1    0.1    7.3    0.0 1009.5
10637 20161024  3    8.0    8.4    9.8   11.0   97.9    2.0    9.1    0.0    8.0   18.9 1001.0
10637 20161023  3    5.6    5.2    8.1   11.8   90.3    2.0    7.2    0.7    7.6    1.3 1000.6
10637 20161022  3    1.8    3.7    7.3   11.1   96.6    2.0   10.1    0.2    7.0    2.1 1001.5
10637 20161021  3    4.1    4.9    7.2    9.5   92.9    2.0    6.7    0.0    7.2    1.4 1002.4
10637 20161020  3    4.6    5.6    7.7    9.5   96.4    2.0   10.6    0.0    7.5    5.2 1000.8
10637 20161019  3    4.6    6.1    9.3   12.4   85.8    3.0   14.1    0.4    6.8    2.9 1003.8
10637 20161018  3    9.4    9.2   11.2   15.6   93.4    2.0   10.5    0.7    7.5    3.7 1009.2
10637 20161017  3    4.7    6.0    9.8   13.2   96.8    1.0    5.7    0.4    7.0    0.1 1010.1
10637 20161016  3    3.0    4.7   10.8   18.1   87.2    2.0    4.1    9.1    3.4    0.0 1009.0
10637 20161015  3    3.3    6.1   11.0   15.7   88.0    2.0   10.8    0.1    6.0    0.0 1001.1
10637 20161014  3    4.9    6.2   10.8   14.7   71.4    2.0   10.1    4.0    7.3    0.0  995.8
10637 20161013  3    2.3    4.4    8.0   11.6   77.4    2.0    9.9    1.2    4.2    0.0 1003.3
10637 20161012  3    3.2    5.0    8.6   10.4   85.2    2.0   10.5    0.4    6.5    0.0 1006.4
10637 20161011  3    3.7    5.6    9.4   12.4   73.5    2.0   11.0    2.8    7.2    0.0 1007.5
10637 20161010  3    5.6    6.4    8.9   12.8   81.3    1.0    7.0    2.0    6.9    0.0 1010.9
10637 20161009  3    4.7    6.0    9.1   13.1   81.2    2.0    8.9    0.8    6.7    0.0 1011.9
10637 20161008  3    3.9    5.9    9.6   13.2   82.4    2.0    9.6    1.4    6.3    0.5 1009.6
10637 20161007  3    6.5    8.9   11.7   14.3   80.5    2.0    8.9    0.4    6.9    0.0 1006.8
10637 20161006  3    6.4    7.5    9.9   11.9   76.5    3.0   11.8    0.2    6.1    0.0 1009.2
10637 20161005  3    5.8    6.9   10.1   14.3   67.8    3.0   12.3    7.9    2.8    0.0 1017.7
10637 20161004  3    4.4    4.9   11.0   16.8   78.9    2.0    9.9    1.7    3.9    0.0 1018.5
10637 20161003  3    6.2    7.7   11.8   14.3   89.3    3.0   13.4    0.3    5.6    2.4 1011.8
10637 20161002  3    9.3   10.7   13.2   17.3   81.4    3.0   16.5    6.0    5.4    0.2 1002.0
10637 20161001  3    8.8   10.9   14.4   17.2   96.0    2.0   13.0    0.1    6.6    9.0  998.3
10637 20160930  3   11.8   12.8   15.3   17.7   84.1    2.0    7.5    0.0    7.0    7.5 1002.9
10637 20160929  3    8.4   10.8   18.7   25.9   67.1    3.0   16.3   10.0    2.2    0.0 1007.0
10637 20160928  3    8.1   10.0   16.2   23.2   77.0    3.0   12.7    4.8    5.5    0.0 1014.4
10637 20160927  3    8.6   10.9   16.7   22.6   77.8    2.0    7.7    5.2    3.9    0.0 1013.4
10637 20160926  3   11.7   14.1   17.7   21.7   67.8    2.0   11.5    3.3    5.4    0.0 1010.0
10637 20160925  3    6.6    8.9   16.7   25.0   72.3    2.0    9.8   10.8    2.5    0.0 1007.4
10637 20160924  3    5.9    7.6   15.6   23.5   70.4    2.0    7.7   10.7    2.4    0.0 1012.2
10637 20160923  3    6.5    8.4   15.0   23.2   73.7    1.0    7.5    9.2    3.3    0.0 1012.2
10637 20160922  3    6.2    8.3   14.1   21.5   70.5    2.0    6.7    8.9    4.8    0.0 1009.5
10637 20160921  3    6.2    8.1   13.9   19.8   64.4    2.0    6.7    9.8    1.4    0.0 1007.5
10637 20160920  3   10.3   12.3   15.8   19.0   72.8    2.0    6.3    0.0    6.8    0.0 1006.4
10637 20160919  3   12.9   13.2   15.2   17.8   75.7    2.0   11.5    0.0    7.5    0.0 1005.7
10637 20160918  3   12.5   14.6   18.1   20.9   73.5    3.0   10.8    1.2    6.7    0.5 1001.3
10637 20160917  3    9.3   11.1   16.2   21.7   82.9    2.0    8.7    0.5    7.1   10.7 1001.9
10637 20160916  3   12.5   13.7   17.7   21.2   77.3    3.0   10.1    0.2    6.2    0.0 1002.0
10637 20160915  3   15.3   16.6   22.6   28.8   58.9    3.0    9.9    8.8    3.1    0.0  998.8
10637 20160914  3   14.7   17.6   24.8   31.8   49.5    2.0    8.1   11.1    0.6    0.0 1000.6
10637 20160913  3   14.5   16.4   24.3   32.8   59.5    2.0    6.7   11.4    0.3    0.0 1002.2
10637 20160912  3   14.8   16.2   23.7   32.2   58.5    2.0    8.4   11.4    0.8    0.0 1004.5
10637 20160911  3   14.2   15.6   22.2   29.9   60.7    2.0    7.9   11.0    1.7    0.0 1005.3
10637 20160910  3   14.2   15.8   22.4   30.1   65.7    2.0    7.2   11.2    1.0    0.0 1003.7
10637 20160909  3   15.1   16.7   21.7   27.9   68.4    2.0    8.4    8.1    2.3    0.0 1004.8
10637 20160908  3   12.1   14.5   21.8   29.4   65.5    2.0   12.9   11.9    2.0    0.0 1000.9
10637 20160907  3   11.6   14.0   20.6   27.7   62.6    2.0    9.6   12.2    2.3    0.0 1007.7
10637 20160906  3    8.9   10.0   18.5   26.3   67.1    2.0    8.9   12.0    1.1    0.0 1013.4
10637 20160905  3   10.6   12.2   17.5   22.9   72.7    3.0   10.3    2.0    4.8    0.0 1007.5
10637 20160904  3   12.9   14.3   17.9   21.5   81.5    3.0   13.0    1.4    6.7    5.7 1001.9
10637 20160903  3   11.8   13.8   20.8   28.1   67.6    2.0   10.3    7.2    6.3    0.0 1005.4
10637 20160902  3   11.4   13.0   20.0   27.3   67.9    2.0   10.3    9.6    5.8    0.0 1008.2
10637 20160901  3   13.8   16.1   22.4   28.6   57.3    2.0    9.6    8.6    4.0    0.0 1009.1
10637 20160831  3   14.3   15.6   21.2   28.4   50.3    2.0    6.7   12.3    1.3    0.0 1008.5
10637 20160830  3   15.0   16.3   20.7   25.9   54.5    2.0   11.8   12.2    3.3    0.0 1011.7
10637 20160829  3   13.6   15.5   21.3   26.8   64.2    2.0    9.4    8.5    5.5    0.0 1006.8
10637 20160828  3   15.6   16.9   25.1   34.8   61.2    3.0   15.1    9.8    3.1    0.0 1002.3
10637 20160827  3   17.1   19.4   27.1   35.3   57.9    2.0    5.7   12.7    0.6    0.0 1004.6
10637 20160826  3   13.9   16.4   24.8   33.9   58.7    2.0    7.5   13.0    0.6    0.0 1004.6
10637 20160825  3   14.7   16.9   24.6   32.8   57.2    2.0    8.1   13.3    0.0    0.0 1005.7
10637 20160824  3   14.1   15.8   23.9   31.8   59.7    2.0    8.1   13.4    0.0    0.0 1010.3
10637 20160823  3    9.9   11.3   20.2   28.3   67.5    1.0    6.2   13.2    1.2    0.0 1014.5
10637 20160822  3   10.8   12.0   16.7   22.1   81.5    3.0   10.8    2.9    3.9    0.0 1014.7
10637 20160821  3   13.0   13.9   16.6   20.8   81.7    3.0   18.0    5.8    5.8    2.2 1007.7
10637 20160820  3   12.8   13.6   17.5   21.5   89.3    3.0   10.8    2.1    6.6    5.3 1002.1
10637 20160819  3   11.8   14.0   20.3   26.1   76.0    2.0    9.8    5.4    5.3    0.1  998.8
10637 20160818  3   10.7   12.7   19.2   25.4   61.4    2.0    8.7    7.9    3.5    0.0  997.9
10637 20160817  3   12.1   15.0   20.0   25.8   51.2    2.0    7.7   13.2    2.1    0.0 1001.2
10637 20160816  3   13.8   14.8   20.7   26.7   53.3    2.0    8.9   13.1    2.7    0.0 1004.8
10637 20160815  3   15.8   16.7   21.5   27.3   56.1    3.0   10.1   11.2    2.8    0.0 1009.1
10637 20160814  3   12.3   13.5   20.8   26.9   67.5    2.0   15.8    9.6    4.0    0.0 1009.9
10637 20160813  3   12.8   14.2   21.3   28.8   69.5    2.0   10.5   11.9    3.2    0.0 1010.4
10637 20160812  3   12.8   12.8   17.0   23.1   87.4    3.0   10.8    0.3    7.0    0.0 1011.6
10637 20160811  3    5.3    6.1   13.5   19.6   72.6    3.0   12.7    6.1    5.1    2.8 1011.4
10637 20160810  3    7.9    9.3   13.7   18.4   69.6    2.0   10.5    4.8    5.3    3.0 1009.1
10637 20160809  3   11.3   12.8   17.8   22.1   61.3    3.0    9.9    4.7    5.8    0.0 1008.3
10637 20160808  3   13.5   14.6   20.5   27.5   66.2    3.0   14.7    9.5    3.6    0.5 1007.8
10637 20160807  3   11.0   11.7   20.0   27.6   68.3    2.0    9.9   13.5    2.0    0.0 1014.1
10637 20160806  3   12.7   13.4   18.7   25.1   73.5    2.0    9.1    6.3    5.1    0.0 1013.5
10637 20160805  3   14.0   14.2   18.2   23.0   75.9    2.0    9.8    7.5    6.4    0.0 1006.3
10637 20160804  3   14.5   14.9   18.5   21.1   93.5    2.0    9.1    0.0    7.7    4.5 1000.8
10637 20160803  3   16.7   16.9   19.3   22.8   92.8    3.0   12.9    0.6    7.5    7.4 1001.9
10637 20160802  3   15.3   14.9   16.4   17.9   92.3    3.0   11.1    0.0    7.8   16.1 1004.6
10637 20160801  3    9.7   10.5   18.1   24.5   66.0    2.0    9.9   10.5    4.3    0.0 1006.7
10637 20160731  3   12.0   13.1   19.3   23.9   71.2    2.0   14.6    3.0    5.3    0.0 1001.7
10637 20160730  3   16.5   17.6   21.9   26.9   66.5    2.0   10.1    4.1    5.9    0.1 1000.9
10637 20160729  3   16.0   16.5   20.9   26.7   76.3    3.0   13.9    3.9    6.1    0.7 1001.7
10637 20160728  3   15.5   16.1   20.3   25.6   75.3    2.0   12.9    3.4    6.6    5.8 1004.0
10637 20160727  3   15.8   16.4   21.3   26.3   70.3    2.0   11.7    8.4    4.6    0.0 1004.9
10637 20160726  3   16.8   17.6   22.5   28.5   73.8    2.0   11.1    6.7    5.1    0.0 1006.8
10637 20160725  3   17.0   17.8   23.3   28.7   73.0    2.0    8.4    8.7    5.8    0.0 1006.1
10637 20160724  3   18.5   18.8   22.1   26.0   82.5    2.0    8.7    0.9    6.8    1.0 1006.1
10637 20160723  3   18.4   18.6   21.3   27.2   85.6    2.0    8.6    2.2    7.0   10.0 1004.9
10637 20160722  3   17.2   17.6   23.1   31.1   74.0    2.0   15.6    7.0    6.5   15.6 1003.3
10637 20160721  3   18.5   18.8   21.6   26.3   82.1    2.0   11.3    3.0    7.3    4.6 1003.5
10637 20160720  3   18.6   20.2   27.1   35.5   49.3    2.0   10.1   13.2    1.5    4.0 1002.7
10637 20160719  3   12.9   14.4   24.2   32.0   54.8    2.0    6.3   14.7    0.8    0.0 1008.1
10637 20160718  3   14.6   16.2   23.1   29.7   59.5    2.0    8.2   12.9    2.2    0.0 1009.2
10637 20160717  3   16.3   16.7   22.6   28.2   65.2    2.0   12.2    6.7    5.5    0.0 1009.4
10637 20160716  3    8.2    9.6   18.1   23.1   67.8    2.0   10.6    3.1    5.9    0.0 1012.8
10637 20160715  3    9.3   10.8   16.1   22.0   62.0    3.0   11.5    7.5    4.7    0.0 1013.0
10637 20160714  3   10.7   12.9   16.2   20.4   60.1    3.0   12.5    5.9    5.1    0.0 1006.7
10637 20160713  3   12.1   13.8   17.2   21.5   68.0    3.0   11.7    5.6    5.5    3.7 1001.7
10637 20160712  3   14.3   15.1   20.2   25.4   61.4    2.0   11.8    4.9    6.3    0.0 1000.9
10637 20160711  3   16.2   18.1   22.8   26.9   61.1    3.0   15.8    3.5    6.2    0.0  999.2
10637 20160710  3   12.8   14.0   23.5   31.7   63.6    2.0   13.9   12.5    4.8    0.0 1001.2
10637 20160709  3   14.5   15.8   21.8   27.3   60.4    2.0    9.6    8.5    5.2    0.0 1007.0
10637 20160708  3   10.5   12.7   20.9   28.4   61.3    3.0   12.9    6.8    5.9    0.0 1004.8
10637 20160707  3    8.4    9.5   18.1   25.7   61.0    2.0    8.4   12.6    4.0    0.0 1008.7
10637 20160706  3    7.9    9.5   17.0   22.7   62.5    3.0    9.8   10.7    4.4    0.0 1008.3
10637 20160705  3   13.1   15.2   19.3   23.9   70.2    3.0   13.2    3.5    5.1    0.0 1004.4
10637 20160704  3   10.4   10.8   17.4   22.6   75.1    2.0    8.7    3.2    6.5    0.0 1008.5
10637 20160703  3    9.2   10.2   15.0   19.9   76.1    2.0   10.8    2.7    5.3    0.0 1008.9
10637 20160702  3   10.1   11.2   16.8   20.9   75.8    3.0   17.3    4.2    5.9    1.8 1003.6
10637 20160701  3   12.9   14.2   20.3   24.8   71.8    3.0   13.2    6.9    5.0    0.0 1003.1
10637 20160630  3   12.9   13.5   18.5   22.9   76.8    2.0   10.8    0.7    6.5    0.1 1002.2
10637 20160629  3   12.7   13.6   19.7   24.4   67.3    3.0   14.2    8.5    5.8    0.1 1001.2
10637 20160628  3   14.4   14.7   18.4   22.9   80.8    2.0    9.1    1.4    6.9    0.4 1004.9
10637 20160627  3    9.2   10.0   16.3   20.0   76.5    3.0   11.8    4.5    5.2    1.3 1007.9
10637 20160626  3   10.7   11.5   17.0   22.9   70.8    3.0   13.2    9.6    3.5    0.0 1006.2
10637 20160625  3   11.8   12.2   18.9   24.4   87.2    3.0   14.1    0.7    6.5    4.4 1002.1
10637 20160624  3   18.4   19.9   25.3   32.2   68.0    2.0   15.9   13.0    1.6    5.9 1003.9
10637 20160623  3   17.0   18.5   26.3   34.0   60.6    2.0   10.1   15.5    0.8    0.0 1006.8
10637 20160622  3   17.3   17.5   21.9   27.6   76.2    2.0    8.6    9.3    4.3    0.0 1010.7
10637 20160621  3   14.2   14.3   18.2   22.5   86.3    2.0   10.8    0.6    7.0    6.3 1008.5
10637 20160620  3    6.5    7.1   15.7   22.6   73.2    3.0   12.9    8.5    4.7    7.1 1008.8
10637 20160619  3    8.2    9.1   14.7   19.2   76.3    2.0    8.2    3.6    4.7    0.0 1010.8
10637 20160618  3    9.9   10.7   15.0   20.6   84.2    3.0   12.2    3.1    6.0    2.2 1004.5
10637 20160617  3   10.2   11.2   15.4   20.8   81.8    3.0   21.8    4.6    6.3    1.9  995.7
10637 20160616  3    8.8    9.4   14.5   18.6   86.4    1.0    5.0    0.3    6.6    0.0  991.1
10637 20160615  3    9.8   10.5   14.4   17.7   88.7    2.0   12.2    5.1    5.2    9.8  989.4
10637 20160614  3   12.0   11.7   15.1   21.0   89.0    3.0   19.7    1.5    7.0   28.7  989.0
10637 20160613  3   12.4   13.0   16.4   21.2   86.0    3.0   10.6    2.0    6.7   12.9  990.9
10637 20160612  3   13.6   13.9   17.0   21.2   86.2    2.0   10.5    1.9    7.3    5.0  996.1
10637 20160611  3   13.3   14.9   18.3   21.0   61.3    2.0    7.0    0.2    7.2    6.1  998.0
10637 20160610  3    9.2   10.3   17.9   23.9   62.2    2.0    8.4   12.0    4.0    0.0 1000.6
10637 20160609  3   11.0   12.1   17.6   21.5   65.6    2.0    9.3    9.7    3.6    0.0 1005.0
10637 20160608  3   12.2   13.3   19.0   24.5   79.1    2.0   12.5    3.5    6.3    0.6 1006.2
10637 20160607  3   14.0   15.5   22.3   28.9   60.8    2.0   13.9   12.3    3.3    8.3 1008.1
10637 20160606  3   11.7   12.5   20.1   28.5   75.3    2.0   10.1   11.0    2.9    2.9 1007.0
10637 20160605  3   12.7   13.6   18.8   26.1   80.9    2.0   14.2    6.6    5.5    4.0 1004.1
10637 20160604  3   14.2   15.0   18.6   23.0   78.3    2.0    7.0    2.1    6.6    0.1  999.9
10637 20160603  3   13.3   14.2   17.7   21.2   82.7    2.0   10.8    1.6    6.4    0.0  998.7
10637 20160602  3   15.2   15.3   17.4   20.7   85.5    2.0    7.2    1.1    7.2    0.0  998.1
10637 20160601  3   10.0   10.9   14.9   16.8   94.5    2.0    9.1    0.0    7.2    2.5 1000.3
10637 20160531  3   11.7   12.5   16.7   20.4   76.2    2.0   11.8    2.5    6.0    0.0  998.3
10637 20160530  3   13.3   14.2   16.4   18.5   91.3    3.0   14.7    0.1    7.1    6.6  991.1
10637 20160529  3   12.1   13.3   17.9   23.2   81.8    2.0    9.4    2.7    6.7   45.1  993.7
10637 20160528  3   11.7   12.9   18.2   25.3   81.1    2.0   12.3    7.2    5.3    8.1  999.9
10637 20160527  3   12.0   13.2   17.4   23.5   77.1    2.0   17.1    4.1    6.1    0.0 1002.5
10637 20160526  3    5.5    7.0   16.3   24.2   65.5    2.0    6.5   10.2    5.6    8.6 1003.5
10637 20160525  3    6.2    8.0   12.3   15.9   82.4    1.0    5.7    0.5    6.8    0.0 1003.2
10637 20160524  3    9.4    9.8   11.5   12.3   84.2    3.0    9.6    0.0    7.9    5.4 1002.5
10637 20160523  3   12.1   12.2   14.0   16.4   77.7    3.0   11.5    0.1    7.3    0.0  999.4
10637 20160522  3    9.7   11.9   18.9   27.6   62.4    3.0   14.4    8.3    6.8    1.9  997.7
10637 20160521  3    8.9   10.6   17.3   23.4   66.8    2.0    9.8    9.2    6.5    0.0 1004.8
10637 20160520  3    5.4    7.3   14.5   20.4   68.6    3.0   13.0    6.2    6.3    0.0 1007.1
10637 20160519  3    6.3    8.6   13.8   19.2   71.0    3.0   11.0    4.2    4.8    0.0  999.5
10637 20160518  3    8.9    9.4   14.7   20.7   61.7    2.0   11.3    1.9    7.0    4.6  999.1
10637 20160517  3    4.4    5.6   11.6   17.1   60.0    2.0   12.0    2.0    6.7    0.0 1006.0
10637 20160516  3    5.0    6.1    9.7   13.9   61.4    2.0    8.9    1.6    6.5    0.0 1007.3
10637 20160515  3    3.8    5.4    9.2   13.2   58.6    3.0   12.7    3.4    5.1    0.0 1006.8
10637 20160514  3    4.6    6.8   10.6   13.9   63.3    3.0   13.7    4.5    4.5    0.0  998.5
10637 20160513  3    7.9    9.6   15.2   23.9   78.9    2.0   12.5    4.0    4.9    6.7  988.9
10637 20160512  3    9.7   12.0   17.1   20.5   65.5    2.0    7.7    0.2    6.6    0.8  986.9
10637 20160511  3   10.2   12.2   18.8   24.8   62.0    2.0   10.1    9.1    5.1    0.0  992.5
10637 20160510  3   10.0   12.5   18.1   22.9   60.7    2.0   10.3    2.7    6.8    0.0  998.0
10637 20160509  3    8.1   11.7   19.8   26.4   45.4    2.0   12.5   12.2    3.3    0.0 1000.5
10637 20160508  3    9.1   12.0   19.8   25.9   38.8    3.0   14.9   14.2    0.3    0.0  999.9
10637 20160507  3    9.5   11.9   19.4   26.3   42.9    2.0   10.5   14.0    0.6    0.0  999.3
10637 20160506  3    5.6    7.7   17.0   24.9   54.0    2.0    7.7   13.6    2.2    0.0 1003.1
10637 20160505  3    1.0    3.3   13.2   20.5   52.9    2.0   10.6   13.9    1.2    0.0 1011.1
10637 20160504  3   -1.3    0.2    9.9   16.0   51.8    2.0   11.1   13.4    1.2    0.0 1015.6
10637 20160503  3    0.3    3.6   10.4   15.4   67.0    2.0   13.4    4.0    5.2    0.9 1009.1
10637 20160502  3    4.5    6.9   14.1   20.6   53.3    2.0   10.3   13.4    1.1    0.0 1009.8
10637 20160501  3    7.2    7.9   12.9   19.2   56.0    4.0   15.8   12.2    3.5    0.0 1008.1
10637 20160430  3   -0.2    1.7   10.2   16.8   61.6    3.0   13.7    6.4    6.3    1.2 1004.2
10637 20160429  3   -2.8   -1.1    7.3   13.9   63.0    2.0   11.5    4.9    4.8    0.0 1005.0
10637 20160428  3   -2.9   -1.1    5.1   11.9   70.8    2.0   14.4    8.6    2.2    0.5 1003.0
10637 20160427  3    0.2    1.8    4.9    8.5   72.0    4.0   19.4    0.9    6.2    0.3  996.2
10637 20160426  3    1.0    2.4    5.3   10.5   68.6    4.0   21.1    5.8    5.1    0.0  990.4
10637 20160425  3    1.0    2.0    4.9    8.6   77.2    4.0   15.9    2.0    7.0   10.6  997.4
10637 20160424  3   -3.5   -1.2    3.7   10.2   74.8    3.0   13.4    5.4    4.9    0.5 1001.4
10637 20160423  3   -1.7    0.4    7.2   11.9   70.8    3.0   11.7    0.9    6.7    3.5  999.8
10637 20160422  3    7.5    9.1   13.2   17.1   49.1    3.0   11.5    2.7    7.2    1.9 1004.2
10637 20160421  3    3.3    5.4   12.8   20.9   47.1    2.0    8.6   13.0    2.7    0.0 1010.3
10637 20160420  3    0.8    2.6   10.0   16.0   50.9    2.0    9.8   13.1    1.6    0.0 1016.5
10637 20160419  3   -1.6   -0.2    7.8   13.9   66.1    2.0    8.2    3.2    3.5    0.0 1013.5
10637 20160418  3    0.6    2.0    8.5   14.5   59.1    2.0   10.8    8.1    3.5    0.0 1008.5
10637 20160417  3    1.3    3.4    8.8   12.5   66.8    2.0    8.2    2.7    6.6    0.2  998.9
10637 20160416  3    8.6    8.9   11.8   15.3   79.1    3.0   14.4    1.6    7.1   10.0  991.7
10637 20160415  3    8.0    8.5   12.8   18.0   69.3    4.0   16.5    5.2    6.3    3.7  993.6
10637 20160414  3    4.1    5.3   11.5   17.5   65.3    2.0   10.3   11.5    4.6    0.3  999.6
10637 20160413  3    4.5    6.1    9.3   12.2   89.6    1.0    6.2    0.2    7.0    4.0  996.4
10637 20160412  3    5.4    7.6   11.5   17.6   74.2    2.0   14.2    3.5    6.1    0.3  998.3
10637 20160411  3    5.1    6.6   12.2   18.2   56.6    2.0    8.2   12.4    1.6    0.0 1000.0
10637 20160410  3    6.2    7.7   12.1   17.4   59.8    2.0    9.4    6.4    5.7    0.0  999.0
10637 20160409  3   -0.7    0.6    8.8   15.4   64.8    2.0    9.4    7.0    4.9    0.0  996.9
10637 20160408  3   -1.7   -0.9    7.3   13.8   64.0    2.0    8.7    8.8    2.3    0.0  999.8
10637 20160407  3    0.9    2.8    9.7   13.5   58.9    3.0   12.3    7.6    5.0    0.1  998.8
10637 20160406  3    4.9    6.6   11.9   16.0   68.3    4.0   14.7    6.6    5.0    0.3  999.5
10637 20160405  3    8.2    8.8   11.6   14.5   92.5    2.0   14.9    0.0    7.6    5.1  996.0
10637 20160404  3    9.6   10.5   14.0   18.7   79.5    3.0   13.0    2.4    6.7    2.9  996.1
10637 20160403  3    7.8    9.5   14.3   18.7   69.1    2.0    7.9    1.5    7.6    1.7  999.7
10637 20160402  3    0.6    2.5    9.7   16.0   71.8    2.0    6.5    3.9    5.1    0.0 1004.9
10637 20160401  3    1.4    3.2    7.2   12.6   72.3    3.0   13.4    3.3    5.8    0.0 1006.0
10637 20160331  3    3.7    4.1    8.0    9.9   85.4    4.0   15.1    0.0    8.0   17.8  997.6
10637 20160330  3    6.3    7.6    9.3   12.6   83.6    3.0   12.0    0.0    7.8    2.9  999.2
10637 20160329  3    3.1    5.2    9.2   13.4   67.6    4.0   18.7    7.2    5.4    0.0  997.5
10637 20160328  3    0.0    1.6    7.3   13.3   78.6    3.0   18.2    0.6    6.2    9.2  992.9
10637 20160327  3    0.1    2.6    7.9   13.1   74.4    3.0   13.9    1.8    5.7    0.4  999.1
10637 20160326  3    2.5    4.8    8.8   14.0   75.8    2.0   14.9    8.5    5.1    0.0 1005.3
10637 20160325  3    2.5    4.1    6.4    7.6   89.3    3.0   11.8    0.0    7.4    6.7 1002.1
10637 20160324  3    5.0    6.0    8.2   10.7   63.0    2.0   10.8    3.9    6.6    0.1 1002.3
10637 20160323  3    4.7    5.9    8.2   10.7   68.4    2.0    8.6    0.3    7.0    0.0  998.4
10637 20160322  3    1.5    4.5    8.1   10.4   64.8    2.0    9.8    3.0    6.2    0.0 1001.4
10637 20160321  3    4.0    4.6    7.5   10.5   68.2    3.0   11.3    0.8    7.3    0.0 1005.7
10637 20160320  3    4.2    4.6    5.9    7.5   67.5    2.0    7.4    0.0    7.9    0.0 1007.2
10637 20160319  3    1.8    1.6    5.6    7.7   71.6    2.0    7.7    0.0    7.8    0.0 1008.7
10637 20160318  3   -4.1   -2.3    6.0   15.5   64.5    2.0    8.7   11.0    0.7    0.0 1008.2
10637 20160317  3   -2.0    0.2    6.1   12.8   58.3    2.0    9.8   11.1    0.0    0.0 1013.6
10637 20160316  3    1.3    3.1    5.9   10.0   56.0    3.0   14.6    3.2    4.0    0.0 1013.7
10637 20160315  3   -3.1   -0.7    4.3    8.3   67.2    2.0   11.7    0.7    7.1    0.2 1013.0
10637 20160314  3   -1.9    0.2    4.8   10.4   57.1    3.0   11.8   10.7    4.0    0.0 1018.2
10637 20160313  3    0.2    1.1    4.9    9.6   68.1    4.0   12.5    5.2    4.8    0.0 1018.9
10637 20160312  3    0.4    2.2    4.9    7.2   64.0    3.0   13.4    5.2    4.5    0.0 1016.6
10637 20160311  3   -2.1    0.0    5.8    9.9   67.0    2.0   12.5    2.4    4.4    0.0 1013.2
10637 20160310  3   -3.5   -1.4    4.3    9.3   70.3    2.0    9.3    6.7    2.5    0.0 1004.9
10637 20160309  3   -5.6   -3.2    2.6    7.6   75.1    2.0   10.6    8.1    4.4    0.0  998.5
10637 20160308  3   -4.6   -3.0    0.7    6.7   87.6    1.0    7.0    2.3    3.8    0.0 1002.7
10637 20160307  3   -2.4   -1.1    2.7    5.9   86.1    2.0    7.5    0.5    6.5    1.0  992.6
10637 20160306  3   -2.2   -1.0    2.8    5.8   89.3    3.0   15.8    0.3    7.0    2.7  988.1
10637 20160305  3   -0.9    0.4    4.8    7.8   87.5    2.0    8.7    0.1    7.4    0.6  983.3
10637 20160304  3   -4.6   -2.5    2.1    7.0   88.4    2.0   11.0    0.7    6.0    8.5  988.1
10637 20160303  3   -3.2   -2.0    2.9    4.6   84.8    3.0   13.9    0.8    6.1    0.1  990.5
10637 20160302  3    1.5    2.4    4.9    7.6   87.8    3.0   14.2    0.3    6.9    3.4  991.0
10637 20160301  3   -4.8   -2.8    2.8    7.8   64.0    3.0   13.9    6.8    6.1    3.4 1006.5
10637 20160229  3    1.8    2.2    3.8    6.4   56.9    4.0   16.6    0.4    7.5    0.0 1005.3
10637 20160228  3   -2.1   -0.3    2.9    5.6   62.6    4.0   16.8    0.1    6.9    0.0 1000.8
10637 20160227  3   -3.4   -1.4    2.9    7.9   61.5    3.0    9.4    9.7    2.1    0.0  995.8
10637 20160226  3   -4.4   -3.1    1.6    5.8   69.1    2.0    6.3    5.0    5.8    0.0 1000.7
10637 20160225  3   -4.1   -2.7    1.4    6.0   73.8    2.0   10.6    7.0    3.5    0.0 1001.5
10637 20160224  3   -1.4   -0.5    2.5    6.8   78.6    2.0    7.7    4.3    5.8    0.0 1005.1
10637 20160223  3   -0.4    0.4    2.7    5.2   90.5    2.0    8.7    0.4    7.0    5.0 1001.2
10637 20160222  3    4.1    4.3   10.7   12.7   68.2    5.0   18.7    0.2    7.0    9.5  997.4
10637 20160221  3    9.3   10.5   11.9   13.3   80.9    5.0   21.6    0.0    7.6    1.0 1001.6
10637 20160220  3   -3.8   -1.1    4.0   10.7   92.3    4.0   15.1    0.0    7.5   17.6 1003.9
10637 20160219  3   -3.8   -2.3    0.6    4.2   87.4    2.0    7.2    0.0    6.1    1.3 1008.2
10637 20160218  3   -3.5   -2.0    2.3    6.3   72.7    2.0   11.3    3.0    7.0    0.0 1003.8
10637 20160217  3   -1.7   -0.6    2.0    4.4   72.2    2.0    8.6    3.7    5.7    0.0 1009.0
10637 20160216  3   -1.9   -0.8    0.8    2.4   67.9    3.0    9.6    1.3    6.3    0.0 1021.0
10637 20160215  3    1.6    2.0    3.4    4.4   80.5    2.0   12.3    0.0    7.7    0.3 1000.4
10637 20160214  3    3.2    3.9    6.5    9.1   82.6    3.0   12.2    1.3    7.2    0.9  976.9
10637 20160213  3   -2.8   -1.5    2.2    6.6   87.8    2.0    9.8    0.0    6.1    8.2  978.3
10637 20160212  3   -2.4   -1.4    2.8    6.7   80.4    2.0    7.2    1.3    5.5    0.0  988.5
10637 20160211  3   -0.2    1.2    4.4    7.4   81.8    3.0   10.6    1.7    6.5    0.0  993.5
10637 20160210  3    1.7    3.1    4.2    5.3   80.4    4.0   15.6    0.0    6.6    2.6  984.5
10637 20160209  3    3.1    4.3    7.3    9.5   79.4    4.0   21.1    0.0    6.8   12.9  981.9
10637 20160208  3    4.1    5.6    7.5   10.6   73.2    5.0   18.5    0.1    6.0    9.9  988.6
10637 20160207  3   -0.2    1.1    6.0   10.6   82.8    3.0   16.8    0.0    6.6    1.1  992.8
10637 20160206  3    0.3    1.7    7.4   13.1   78.7    2.0   13.2    5.7    4.0    0.0 1002.2
10637 20160205  3    2.9    3.4    6.5    9.9   87.0    2.0   13.9    0.0    7.8    0.1 1013.2
10637 20160204  3    1.7    3.1    4.3    6.1   83.0    3.0   17.3    0.0    6.8    6.2 1011.1
10637 20160203  3    0.5    2.7    5.0    7.4   75.3    3.0   15.1    1.3    5.5    0.5 1006.8
10637 20160202  3    5.0    6.0   10.3   11.5   79.4    5.0   17.8    0.0    7.4    4.8 1005.2
10637 20160201  3   10.5   11.3   12.6   13.8   71.0    5.0   18.2    0.0    7.4    0.0 1006.6
10637 20160131  3    1.0    2.7    5.9   12.4   84.1    3.0   12.5    0.0    7.5    1.8 1000.2
10637 20160130  3    1.4    3.3    7.2    9.0   77.6    5.0   17.7    0.0    7.5    4.0 1003.4
10637 20160129  3   -3.0   -1.7    5.0   10.0   76.5    4.0   14.9    7.6    3.4    0.0 1015.4
10637 20160128  3   -0.9    0.7    8.1   12.3   72.6    3.0   13.7    2.1    7.0    0.8 1011.1
10637 20160127  3    7.6    8.8   10.9   12.7   66.6    4.0   16.3    0.3    6.9    0.5 1007.6
10637 20160126  3   -0.6    1.6    7.1   11.7   83.3    3.0   13.7    3.0    6.0    0.0 1013.2
10637 20160125  3   -0.7    1.2    5.7   11.8   89.7    2.0    7.7    3.8    5.6    0.0 1016.5
10637 20160124  3    0.2    2.0    3.4    5.1   96.9    2.0   10.6    0.0    8.0    1.1 1020.9
10637 20160123  3   -1.3   -2.1    2.7    6.2   94.0    2.0   11.0    0.0    7.7    0.0 1019.9
10637 20160122  3   -7.4   -6.4   -3.6    0.1   82.8    2.0    6.2    6.7    3.5    3.8 1016.8
10637 20160121  3   -5.5   -4.5   -0.9    2.1   83.9    2.0    5.5    1.0    4.9    0.0 1014.3
10637 20160120  3   -5.5   -5.7   -2.9   -0.8   81.1    2.0    8.6    1.1    7.3    0.0 1007.2
10637 20160119  3   -7.8   -6.7   -5.7   -5.0   82.0    2.0    6.0    0.0    7.3    0.0 1005.1
10637 20160118  3   -8.9   -7.3   -4.7   -0.8   82.8    2.0    7.7    6.5    1.9    0.0 1008.9
10637 20160117  3   -7.3   -5.4   -0.3    1.5   75.0    3.0   11.1    1.5    5.0    0.0 1011.2
10637 20160116  3   -0.9    0.4    2.2    4.6   76.6    3.0   13.5    0.2    6.6    1.5 1007.9
10637 20160115  3    0.1    1.0    2.5    3.4   84.0    4.0   14.6    0.0    7.5    1.4  996.3
10637 20160114  3   -2.6   -1.0    2.6    5.8   84.4    3.0   14.6    0.6    6.1    2.2  997.7
10637 20160113  3   -0.7    1.4    4.9    6.6   81.1    4.0   15.6    0.0    6.1    3.5  998.8
10637 20160112  3    2.8    4.6    5.4    7.4   85.3    4.0   12.7    0.0    6.4    1.8  985.6
10637 20160111  3    1.8    3.0    5.1    6.5   91.7    3.0   15.1    0.0    7.3    9.2  979.2
10637 20160110  3    2.5    3.1    5.9    8.2   90.0    3.0   13.0    1.5    7.4    5.5  984.4
10637 20160109  3   -2.9   -2.1    1.2    4.6   93.5    1.0    6.2    0.0    6.4    1.8  991.5
10637 20160108  3   -1.9   -0.7    3.5    7.3   84.1    3.0   11.8    5.7    3.2    0.0  992.9
10637 20160107  3    2.3    4.5    5.3    7.4   88.5    3.0   12.9    0.6    7.0    5.6  985.7
10637 20160106  3    4.1    4.4    5.3    6.3   93.0    2.0    8.2    0.0    7.6    0.1  987.6
10637 20160105  3    3.2    4.3    5.3    6.4   92.3    2.0    9.6    0.0    7.3    3.6  983.0
10637 20160104  3    0.9    1.0    3.6    6.0   94.8    2.0    8.2    0.0    7.9    3.9  980.3
10637 20160103  3    2.2    2.7    3.5    5.6   92.5    2.0    7.7    0.0    7.8    5.3  994.3
10637 20160102  3    1.7    1.9    2.8    4.1   88.7    2.0    8.2    0.0    7.9    9.4 1002.4
10637 20160101  3    2.7    3.8    5.4    6.7   91.5    2.0    6.7    0.0    7.8    0.0 1012.8
10637 20151231  3   -1.3    0.1    3.5    5.3   94.7    1.0    7.4    0.0    6.9    1.8 1011.1
10637 20151230  3   -0.6    1.8    5.2    6.6   80.0    2.0   10.5    0.0    7.1    0.1 1015.5
10637 20151229  3   -3.2   -1.9    2.7    6.5   87.1    1.0    6.2    6.1    5.4    0.0 1016.0
10637 20151228  3   -1.4   -0.2    4.0    8.2   88.8    2.0    6.2    6.1    4.8    0.0 1016.5
10637 20151227  3    0.1    1.8    6.5   11.9   90.5    2.0   12.0    5.5    4.7    0.0 1017.2
10637 20151226  3    2.5    4.6   10.2   13.5   80.2    3.0   11.8    6.4    4.3    0.0 1016.4
10637 20151225  3    9.3   10.2   11.9   13.3   77.2    3.0   12.3    0.0    6.9    0.1 1015.9
