 Tageswerte der Station 10729 Mannheim                                               
 STAT JJJJMMDD QN     TG     TN     TM     TX    RFM     FM     FX     SO     NM     RR     PM
----- -------- -- ------ ------ ------ ------ ------ ------ ------ ------ ------ ------ ------
10729 20170510  1   -0.9    1.2   11.1   20.2   65.5    1.0    6.0   14.1    0.6    0.0  997.3
10729 20170509  1    0.0    3.0    9.5   15.0   70.0    2.0    9.1    8.3    3.3    0.0 1006.2
10729 20170508  1    7.8    8.2   10.3   12.2   83.0    3.0    9.9    0.0    7.8    0.3 1006.5
10729 20170507  1   11.5   11.9   13.4   14.7   94.1    2.0    7.7    0.0    7.9   25.5 1001.8
10729 20170506  1    3.4    6.0   15.1   22.4   68.2    2.0    9.8    7.4    5.3    0.0  999.3
10729 20170505  1    4.6    7.5   11.9   16.5   76.3    2.0    5.1    5.0    5.4    0.0 1006.5
10729 20170504  1    1.3    3.8   10.6   17.3   88.5    2.0    6.9    1.6    6.2   16.7 1004.2
10729 20170503  1    3.0    6.3   10.7   15.2   85.2    2.0    7.2    1.5    6.5    0.0 1006.1
10729 20170502  1    5.9    7.7    9.9   12.1   90.7    2.0    7.5    0.0    7.4    1.4 1003.6
10729 20170501  1    5.5    7.9    9.7   13.8   82.8    2.0   12.4    0.0    6.6   11.3 1000.3
10729 20170430  1   -2.1    1.1   13.0   20.4   47.4    3.0   13.7   13.3    1.1    0.0  999.3
10729 20170429  1   -0.6    3.1   10.0   15.9   61.0    2.0    6.6    8.2    4.3    0.0 1005.4
10729 20170428  1   -1.4    2.1    9.3   14.8   52.8    2.0    9.0    8.4    5.7    0.0 1002.8
10729 20170427  1    2.7    5.2    8.3   13.1   63.3    2.0    6.3    3.5    7.2    0.0 1002.8
10729 20170426  1    4.3    5.6    8.4   11.8   57.5    2.0    6.9    1.4    6.1    0.0  999.8
10729 20170425  1   -0.1    3.7    8.1   12.3   67.9    2.0    9.3    0.1    6.8    0.0  996.9
10729 20170424  1   -4.6   -1.6    8.7   17.0   59.7    1.0    7.9   10.9    2.7    0.0 1003.8
10729 20170423  1   -3.0   -0.1    6.8   12.9   60.0    2.0    8.1    7.9    3.1    0.0 1012.9
10729 20170422  1    5.9    7.5   10.9   13.1   59.8    2.0   12.7    2.1    7.4    0.0 1012.2
10729 20170421  1   -1.5    0.4    9.1   17.1   57.0    2.0    8.0    9.1    4.5    0.0 1018.0
10729 20170420  1   -6.3   -2.8    4.7   12.2   59.1    2.0    7.5   12.9    1.2    0.0 1022.8
10729 20170419  1   -4.6   -0.6    4.0    8.2   68.8    3.0   11.6    1.8    6.0    0.2 1020.0
10729 20170418  1    0.4    2.5    5.5   10.3   72.8    3.0   14.3    3.4    5.6    0.2 1012.0
10729 20170417  1    2.5    4.8    7.5   10.5   78.4    2.0   10.1    1.9    7.2    4.1 1005.5
10729 20170416  1    2.0    4.8    9.8   12.7   58.5    2.0   11.8    0.0    7.3    0.6 1007.9
10729 20170415  1    2.8    5.0   10.8   14.5   68.9    2.0   13.3    0.3    7.1    0.3 1004.5
10729 20170414  1    1.5    4.2   11.6   16.3   59.4    2.0    7.9    4.2    6.6    0.0 1004.5
10729 20170413  1    2.9    6.3   13.4   17.2   56.1    3.0   11.3    3.8    7.0    0.0 1003.3
10729 20170412  1   -0.7    2.3   12.5   20.5   56.7    3.0   11.8    7.1    5.2    0.0 1006.2
10729 20170411  1   -0.2    2.6    9.3   16.0   61.1    2.0    8.0    8.6    2.6    0.0 1013.3
10729 20170410  3    2.2    5.2   13.8   25.9   63.0    3.0   13.3    8.3    2.6    0.0 1007.6
10729 20170409  3   -0.8    1.8   12.1   22.9   69.0    1.0    4.3   12.2    0.5    0.0 1011.3
10729 20170408  3   -0.7    1.6   10.9   19.4   71.2    1.0    5.5    8.9    2.9    0.0 1012.2
10729 20170407  3   -1.9    0.8    8.6   14.7   71.9    2.0    8.1    7.5    3.5    0.0 1013.3
10729 20170406  3    0.1    3.7    8.9   13.9   60.8    2.0    9.4    5.0    4.3    0.0 1014.2
10729 20170405  3    0.0    3.3   11.4   17.5   61.0    2.0   11.3    8.5    3.0    0.0 1011.6
10729 20170404  3    1.4    4.7   11.8   18.5   63.4    2.0    7.5   10.5    3.4    0.0 1010.9
10729 20170403  3    4.0    7.2   13.4   20.1   60.6    2.0    8.2    9.4    3.0    0.0 1011.9
10729 20170402  3    4.3    8.1   12.8   18.7   70.5    2.0    6.6    5.5    5.0    0.3 1007.3
10729 20170401  3    4.0    6.1   14.1   21.9   63.2    2.0   11.6    5.9    5.3    0.0 1000.6
10729 20170331  3    2.1    5.6   14.2   23.4   64.2    2.0    9.9    8.4    2.7    0.0 1005.0
10729 20170330  3    4.0    6.5   14.1   21.8   68.7    2.0    7.1   10.4    3.0    0.0 1013.5
10729 20170329  3    1.9    5.4   14.3   21.0   61.8    2.0   10.1    9.0    2.6    0.0 1014.4
10729 20170328  3   -2.1    0.7   12.7   22.0   60.2    2.0   11.6   11.1    2.0    0.0 1011.0
10729 20170327  3   -3.0    0.7   10.4   19.7   48.9    2.0    6.0   11.8    0.5    0.0 1011.2
10729 20170326  3    1.0    5.3   10.9   17.6   49.6    2.0   10.2   11.2    0.8    0.0 1010.7
10729 20170325  3    1.0    3.7   10.6   17.4   56.5    3.0   11.4   11.4    0.5    0.0 1013.1
10729 20170324  3    1.0    5.1    9.2   12.7   76.0    2.0    8.3    2.1    4.4    0.0 1013.7
10729 20170323  3    1.9    5.2   10.7   16.8   74.5    2.0    7.1    9.3    4.4    0.0 1003.5
10729 20170322  3    4.4    5.1    7.3    9.6   83.7    2.0    5.4    0.9    7.5    0.1 1002.6
10729 20170321  3    5.1    5.8    9.7   12.0   79.4    3.0   11.4    0.0    7.8    4.6  999.9
10729 20170320  3    9.4   10.5   12.6   15.0   62.9    3.0   11.2    0.7    7.9    0.0 1000.2
10729 20170319  3    9.7   10.2   12.4   14.2   82.7    3.0   11.3    0.0    7.8    0.0 1000.6
10729 20170318  3    6.7    7.4    9.9   11.5   82.8    3.0   15.2    0.0    7.8   13.6  999.2
10729 20170317  3   -0.9    2.7   10.7   16.3   66.9    3.0   10.3    4.6    4.3    1.2 1004.0
10729 20170316  3   -3.0   -0.3    8.3   18.1   76.9    1.0    4.0   10.9    0.5    0.0 1012.6
10729 20170315  3   -1.5    1.4    8.2   16.1   81.8    1.0    4.3    3.7    4.6    0.0 1019.4
10729 20170314  3   -2.8   -0.2    7.3   16.1   76.8    1.0    5.6    8.1    2.5    0.0 1019.8
10729 20170313  3   -4.1    0.2    7.0   14.0   61.2    2.0    6.3    9.5    1.4    0.0 1013.0
10729 20170312  3   -3.2    0.9    8.7   15.8   55.2    2.0    7.6   10.5    2.3    0.0 1004.8
10729 20170311  3   -4.5   -1.0    6.8   14.7   67.1    1.0    6.6    7.0    2.5    0.0 1010.4
10729 20170310  3   -3.0    1.1    7.7   12.0   67.3    2.0    7.8    9.0    4.1    0.0 1015.2
10729 20170309  3    2.5    7.2   11.5   16.3   85.6    2.0   12.0    2.5    7.1    6.8 1007.7
10729 20170308  3   -1.8    1.3    5.8    9.2   91.4    3.0   12.3    1.0    6.6    9.2 1008.5
10729 20170307  3    0.0    3.2    6.9   10.2   76.3    2.0   10.9    1.6    7.3    0.6 1003.1
10729 20170306  3    4.0    5.2    7.4   10.9   77.5    3.0   11.0    1.3    7.6    0.1  991.3
10729 20170305  3    4.1    5.1    7.9   11.8   76.9    4.0   13.7    2.4    7.4    3.0  991.1
10729 20170304  3   -3.4   -1.1    8.2   17.5   71.2    2.0   16.5    5.0    5.0    0.1  984.7
10729 20170303  3   -3.0   -0.4    6.2   12.4   69.8    2.0   10.5    2.1    7.5    0.0  998.1
10729 20170302  3   -1.9    1.7    8.5   11.9   62.5    4.0   17.1    6.7    4.3    0.0 1000.6
10729 20170301  3    3.1    4.5    6.7    9.1   83.3    4.0   13.8    0.1    7.7    1.8  993.0
10729 20170228  3    2.7    3.7    6.2    9.6   82.0    4.0   13.1    2.8    6.7    5.3  985.6
10729 20170227  3    6.4    7.6   11.2   16.3   60.2    4.0   19.4    3.6    7.2    6.5  993.3
10729 20170226  3   -2.3    0.7    7.5   13.9   67.4    3.0   10.7    6.0    5.5    0.0 1004.0
10729 20170225  3   -6.7   -3.0    3.6   10.7   79.7    2.0    8.0    9.0    1.8    0.0 1009.8
10729 20170224  3   -5.3   -2.2    5.8    9.0   69.4    3.0   15.3    3.6    4.9    0.0 1001.3
10729 20170223  3    5.4    7.8   10.5   15.3   70.1    4.0   19.9    1.0    7.7    1.2  992.8
10729 20170222  3    8.4    8.9   10.5   11.7   82.9    4.0   14.6    0.0    7.8    0.0 1001.1
10729 20170221  3    7.8    8.8   10.5   12.6   89.8    3.0   10.9    0.0    7.7    3.4 1004.9
10729 20170220  3    1.4    4.4    7.4   10.7   86.8    3.0   11.2    0.0    7.9    4.4 1009.2
10729 20170219  3   -8.5   -4.8    3.0    9.7   84.0    2.0    5.5    3.6    4.9    0.0 1012.2
10729 20170218  3   -6.0   -2.7    5.1    9.3   82.1    1.0    4.4    0.0    6.5    0.0 1015.3
10729 20170217  3   -1.6    1.5    7.5   10.9   84.3    2.0    9.1    2.2    6.7    0.4 1014.6
10729 20170216  3   -5.4   -2.8    5.7   15.0   84.6    2.0    7.1    5.7    3.3    2.7 1019.0
10729 20170215  3   -8.1   -5.1    1.5   10.5   82.8    1.0    3.7    8.8    0.4    0.0 1022.6
10729 20170214  3   -7.8   -4.0    3.4   10.8   65.7    2.0    6.0    9.1    0.4    0.0 1018.1
10729 20170213  3   -4.6    0.8    3.8    9.4   69.6    2.0    7.6    5.7    4.3    0.0 1016.5
10729 20170212  3   -4.0   -0.4    3.4    8.4   80.6    2.0    6.7    3.1    5.3    0.0 1013.7
10729 20170211  3   -2.8   -0.7    3.3    8.0   78.6    1.0    5.6    3.9    7.0    0.9 1007.9
10729 20170210  3   -3.7   -0.9    1.5    3.9   72.6    2.0    6.7    0.1    7.4    0.0 1009.1
10729 20170209  3   -4.9   -1.7    1.0    3.2   70.0    3.0    8.7    2.0    6.8    0.0 1013.4
10729 20170208  3   -3.3    0.6    4.5    8.7   72.7    2.0    7.1    0.3    6.2    0.0 1010.1
10729 20170207  3   -3.8   -1.8    3.7    8.3   84.0    1.0    5.1    2.9    7.2    0.0 1006.1
10729 20170206  3   -0.5    1.7    5.2    9.3   80.5    2.0    5.1    3.0    6.8    0.0 1003.6
10729 20170205  3   -3.3   -0.6    4.9    8.8   87.0    2.0    7.5    0.9    6.5    0.0  992.3
10729 20170204  3   -3.5   -0.2    5.2    9.0   86.2    3.0   14.1    0.0    5.7    0.0  990.6
10729 20170203  3   -2.5    0.5    7.1   11.8   88.5    3.0    8.7    1.6    6.1    0.0  995.1
10729 20170202  3    0.2    1.7    5.2    9.0   92.5    1.0    4.8    0.6    7.8    0.1  999.3
10729 20170201  3   -4.7   -2.0    2.9    6.5   85.1    1.0    3.8    0.0    6.8    0.0 1005.7
10729 20170131  3    0.6    2.0    4.0    5.4   88.8    2.0    6.0    0.0    8.0    0.0 1004.3
10729 20170130  3   -4.7   -2.5    3.9    6.0   93.5    3.0    9.6    0.0    7.2    0.0 1003.4
10729 20170129  3   -9.7   -6.9    0.6    7.6   81.1    2.0    5.6    1.6    6.1    0.1 1010.4
10729 20170128  3  -12.7   -9.4   -3.3    3.9   82.0    1.0    3.9    4.6    3.4    0.0 1008.8
10729 20170127  3  -12.3   -8.5   -3.6    4.0   81.1    2.0    3.9    6.5    0.8    0.0 1009.8
10729 20170126  3  -11.6   -6.6   -1.2    2.1   70.3    2.0    8.4    3.9    4.3    0.0 1013.9
10729 20170125  3   -5.3   -5.1   -3.2   -1.8   74.0    2.0    7.5    0.0    8.0    0.0 1018.6
10729 20170124  3   -5.4   -5.4   -3.6   -2.0   85.9    2.0    6.6    0.0    8.0    0.0 1016.6
10729 20170123  3  -15.0  -11.4   -8.0   -4.5   94.4    1.0    3.4    0.0    4.4    0.0 1014.5
10729 20170122  3  -14.9  -11.7   -6.7    0.2   84.5    1.0    3.5    7.3    0.2    0.0 1014.7
10729 20170121  3  -13.5   -9.9   -5.0    2.0   74.4    1.0    2.7    7.5    0.0    0.0 1018.1
10729 20170120  3  -12.3   -7.8   -2.2    3.6   52.1    2.0    6.0    7.6    0.2    0.0 1021.2
10729 20170119  3  -12.3   -8.1   -3.5    1.4   67.0    2.0    6.8    7.5    0.2    0.0 1023.6
10729 20170118  3  -10.5   -5.6   -2.6    0.8   68.6    2.0    8.8    6.7    2.2    0.0 1024.6
10729 20170117  3  -10.2   -6.3   -2.0    1.9   71.0    3.0   10.8    6.0    3.4    0.0 1022.1
10729 20170116  3  -11.8   -6.6   -2.4    0.8   84.1    2.0    7.0    5.5    2.9    0.0 1013.9
10729 20170115  3   -7.3   -2.1    1.9    4.3   75.0    2.0    7.6    3.3    6.6    0.3 1008.4
10729 20170114  3   -1.5    0.4    2.5    3.9   77.8    3.0   10.8    0.5    7.2    0.4 1000.4
10729 20170113  3   -4.5   -1.4    3.2    7.2   71.9    4.0   24.4    0.2    6.4    2.1  989.5
10729 20170112  3   -2.0    2.6    4.5    6.5   83.8    3.0   13.7    0.1    6.9    1.9  997.4
10729 20170111  3   -0.3   -0.1    2.3    5.9   92.6    3.0   13.5    0.0    7.6    0.6 1000.4
10729 20170110  3   -0.6   -0.2    0.6    2.0   92.1    2.0    8.3    0.0    7.7    3.9 1001.1
10729 20170109  3   -1.0   -0.3    0.5    1.1   94.7    2.0    7.2    0.0    8.0    0.0 1014.7
10729 20170108  3   -2.6   -2.6   -1.0    0.0   96.5    2.0    4.7    0.0    8.0    0.5 1019.1
10729 20170107  3  -13.1  -10.8   -5.9   -2.4   82.0    2.0    6.9    0.0    6.6    1.7 1022.8
10729 20170106  3  -12.9  -10.3   -6.3   -2.0   77.8    2.0    4.1    7.1    0.4    0.0 1028.1
10729 20170105  3   -9.8   -6.4   -0.7    2.0   77.7    2.0    9.6    3.7    2.4    0.0 1016.5
10729 20170104  3   -0.5    0.2    2.3    4.2   85.2    3.0   11.5    0.0    7.7    1.0 1005.3
10729 20170103  3   -4.9   -1.9    0.6    3.0   91.0    3.0    9.0    0.0    7.8    0.0 1014.4
10729 20170102  3   -4.8   -1.7   -0.1    1.4   98.8    1.0    3.0    0.0    7.5    2.9 1011.0
10729 20170101  3   -3.4   -3.8   -2.5   -1.3   98.6    1.0    3.0    0.0    7.8    0.0 1011.7
10729 20161231  3   -3.4   -3.8   -3.4   -2.7   98.9    2.0    3.9    0.0    7.9    0.0 1022.7
10729 20161230  3   -9.5   -6.2   -3.2   -1.1   98.7    1.0    3.6    0.1    5.4    0.0 1026.8
10729 20161229  3   -7.4   -4.0    0.9    7.6   89.6    1.0    2.9    6.8    0.6    0.0 1028.2
10729 20161228  3   -2.2   -0.5    2.7    5.8   91.4    1.0    3.4    0.8    7.5    0.0 1032.2
10729 20161227  3   -4.6   -1.5    2.4    5.4   92.6    2.0    5.4    0.2    5.9    0.0 1029.3
10729 20161226  3   -2.8    0.3    7.2   10.6   86.7    3.0   13.0    1.1    5.7    1.8 1019.1
10729 20161225  3    6.3    7.3    8.3    9.4   82.0    3.0   10.8    0.0    7.9    0.1 1017.1
10729 20161224  3    1.8    4.9    6.9    8.7   86.5    3.0   12.5    0.0    7.2    0.8 1017.7
10729 20161223  3    2.1    2.3    4.0    5.4   96.7    2.0    7.4    0.0    8.0    0.0 1022.7
10729 20161222  3   -0.8   -0.8    0.5    2.4   98.1    2.0    7.5    0.0    7.8    3.9 1020.1
10729 20161221  3   -2.8   -2.1    0.0    0.6   96.5    2.0    6.5    0.0    8.0    0.0 1018.3
10729 20161220  3   -7.0   -4.1    0.3    4.7   87.1    2.0    5.1    5.2    1.8    0.0 1012.6
10729 20161219  3   -2.1    1.4    3.7    5.1   85.1    2.0    9.7    0.1    7.5    0.0 1016.2
10729 20161218  3    1.5    2.6    3.2    4.0   94.5    2.0    4.2    0.0    8.0    0.0 1023.7
10729 20161217  3   -1.2    1.7    2.6    3.9   88.4    2.0    4.3    0.0    7.9    0.0 1026.3
10729 20161216  3    0.0    1.0    3.5    4.6   83.8    2.0    5.6    0.0    8.0    0.0 1019.1
10729 20161215  3   -4.7   -1.6    3.5    8.6   95.4    1.0    4.4    0.5    4.6    0.0 1015.1
10729 20161214  3   -2.2    0.5    5.2    8.3   89.6    2.0    5.3    1.3    7.3    0.0 1013.7
10729 20161213  3   -4.7   -1.7    1.6    4.0   98.3    2.0    6.1    0.0    6.9    0.7 1014.8
10729 20161212  3   -4.0   -1.2    5.6    7.9   93.4    2.0    5.7    0.0    7.1    0.0 1014.6
10729 20161211  3    0.3    2.3    6.8   10.3   82.0    3.0    8.0    0.1    7.5    0.5 1010.7
10729 20161210  3   -2.2    1.0    4.5    9.1   78.6    3.0    6.4    6.8    2.3    0.0 1014.7
10729 20161209  3   -4.9   -0.7    4.6    7.7   77.8    3.0    7.1    0.0    6.4    0.0 1019.5
10729 20161208  3   -5.2   -1.7   -0.1    3.4   92.5    2.0    7.2    3.0    5.3    0.0 1021.8
10729 20161207  3   -1.9   -2.1   -0.9    0.1   96.6    2.0    5.1    0.0    7.8    0.0 1023.6
10729 20161206  3   -1.7   -2.0   -1.5   -0.5   99.2    1.0    3.5    0.0    7.7    0.0 1020.8
10729 20161205  3  -10.1   -7.0   -1.9    0.7   91.5    1.0    3.3    0.0    6.3    0.0 1016.8
10729 20161204  3  -10.9   -7.0   -2.4    3.5   85.2    1.0    3.3    7.0    0.3    0.0 1015.6
10729 20161203  3   -8.3   -3.6    0.2    4.7   84.0    2.0    5.9    7.2    0.1    0.0 1012.8
10729 20161202  3   -4.8   -0.9    3.7    5.8   93.9    2.0    7.0    0.0    6.6    0.6 1011.1
10729 20161201  3   -5.7   -2.7    2.5    6.6   77.3    2.0    6.4    3.9    7.2    0.0 1016.5
10729 20161130  3   -9.8   -6.7   -1.9    3.1   83.5    2.0    5.2    7.0    2.4    0.0 1021.6
10729 20161129  3   -9.1   -4.7   -0.6    4.3   70.0    2.0    7.0    7.3    0.1    0.0 1021.6
10729 20161128  3   -6.5   -2.0    0.8    4.7   75.3    2.0    9.6    7.3    0.2    0.0 1015.9
10729 20161127  3   -2.6    0.7    5.6    8.0   89.2    1.0    5.5    0.0    6.5    0.0 1007.7
10729 20161126  3    5.7    6.3    7.8    9.1   82.9    2.0    5.3    0.0    8.0    0.0 1006.5
10729 20161125  3    8.1    8.9    9.8   10.7   75.6    3.0    9.9    0.0    7.9    0.0 1006.1
10729 20161124  3    2.1    6.0    9.9   13.7   79.2    2.0    9.1    3.9    4.0    0.0 1005.2
10729 20161123  3    0.8    3.0    7.5   10.3   95.5    1.0    4.4    0.0    6.7    0.0 1004.8
10729 20161122  3    2.8    5.2    9.3   13.2   89.2    2.0    5.1    0.2    7.8    0.0 1000.2
10729 20161121  3    4.0    6.4    9.7   11.8   74.7    2.0    7.0    0.0    7.6    0.0  992.5
10729 20161120  3    2.3    4.3   10.1   15.7   65.7    3.0   14.3    2.7    6.5    0.0  992.8
10729 20161119  3    0.8    3.0    6.2    8.2   89.8    3.0   10.0    0.4    6.1    3.4  998.1
10729 20161118  3    3.1    5.5   10.0   14.2   83.0    4.0   18.8    0.0    6.6    1.4  992.6
10729 20161117  3    7.8    9.2   10.6   12.3   91.1    4.0   11.4    0.0    7.7    1.2  999.1
10729 20161116  3    5.5    5.8    8.3   10.5   96.9    3.0    9.0    0.0    7.9    0.7 1008.8
10729 20161115  3   -0.6    0.2    2.9    5.8   92.5    3.0    8.4    0.0    7.9    8.7 1017.7
10729 20161114  3   -6.4   -3.0    0.4    5.0   77.4    2.0    6.4    7.6    2.2    0.0 1020.9
10729 20161113  3   -3.0   -1.0    2.5    6.9   82.2    2.0    7.7    1.5    6.2    0.0 1014.3
10729 20161112  3   -2.9   -0.7    2.0    5.1   86.0    2.0    3.9    0.8    7.2    0.0 1012.8
10729 20161111  3    0.2    2.2    4.9    6.3   94.5    2.0    6.8    0.0    7.1    5.6 1003.1
10729 20161110  3    3.5    4.1    6.6   10.0   88.1    2.0   15.1    1.0    7.5   15.5  995.3
10729 20161109  3   -0.2    1.4    4.4    7.2   86.2    3.0   10.8    0.0    7.5    7.2  993.3
10729 20161108  3   -1.2    0.5    2.8    6.0   93.1    2.0    6.6    0.1    7.6    1.2  998.4
10729 20161107  3   -1.4    0.3    3.6    8.1   87.8    2.0    8.6    2.8    7.3    0.2  996.1
10729 20161106  3   -2.9   -0.6    5.0    9.0   86.2    2.0    8.1    1.2    5.9    0.0  991.0
10729 20161105  3    1.2    3.5    7.5    9.3   96.0    2.0    7.2    0.0    7.8   10.7  991.3
10729 20161104  3   -3.2   -1.5    4.2    8.3   89.9    2.0    6.6    1.1    6.3    0.4 1003.2
10729 20161103  3   -2.2    0.1    4.6    9.6   90.2    1.0    3.9    1.8    6.0    0.0 1010.5
10729 20161102  3   -1.4    1.3    7.4   12.6   86.2    2.0    9.4    3.7    5.1    0.4 1007.6
10729 20161101  3   -1.1    1.2    4.8    7.9   98.5    1.0    5.2    0.0    6.3    0.1 1009.8
10729 20161031  3    0.0    2.7    8.1   15.8   85.2    1.0    3.6    8.8    0.4    0.0 1016.4
10729 20161030  3    0.6    2.8    8.7   15.3   84.3    2.0    4.7    8.8    1.8    0.0 1018.9
10729 20161029  3    1.6    4.1   10.1   16.4   90.1    2.0    6.2    3.2    4.8    0.0 1021.6
10729 20161028  3    1.0    2.6    8.0   12.8   95.0    2.0    5.7    1.0    6.0    0.0 1022.7
10729 20161027  3    0.4    1.7    8.0   13.5   92.6    1.0    4.5    0.9    5.6    0.0 1021.8
10729 20161026  3    2.8    5.3   10.6   14.4   84.4    2.0    5.0    0.3    7.4    0.0 1016.6
10729 20161025  3    8.9   10.1   12.3   15.3   92.0    2.0    5.6    1.2    7.4    0.0 1010.2
10729 20161024  3    9.2    9.6   11.1   12.5   99.0    1.0    4.2    0.0    7.7   15.6 1001.5
10729 20161023  3    1.2    3.0    7.8   12.2   93.5    1.0    4.0    1.7    7.3    5.0 1000.8
10729 20161022  3    4.9    5.8    7.8   11.1   93.8    2.0    7.7    0.2    7.8    1.7 1002.6
10729 20161021  3    3.0    4.9    7.1    9.1   95.3    1.0    4.3    0.2    7.3    3.6 1003.4
10729 20161020  3    3.6    5.1    7.6    9.6   98.0    2.0    6.7    0.0    7.4   31.8 1001.9
10729 20161019  3    5.0    6.8   10.2   13.3   82.3    3.0   11.6    1.4    6.9    3.7 1005.6
10729 20161018  3    5.0    8.0   12.7   17.0   86.3    2.0    6.6    1.9    7.0    2.6 1010.3
10729 20161017  3    2.8    4.8   11.3   16.3   92.3    1.0    4.3    0.0    7.1    0.0 1010.7
10729 20161016  3    1.0    3.2    8.5   16.5   94.1    1.0    3.6    4.5    3.9    0.0 1009.6
10729 20161015  3    2.2    4.8   11.4   17.8   84.7    2.0    8.2    1.6    5.1    0.0 1002.1
10729 20161014  3    2.5    6.0   10.3   14.3   76.6    2.0    6.3    2.1    5.8    0.0  995.8
10729 20161013  3   -0.7    1.8    8.8   13.6   73.4    3.0   10.7    8.3    2.3    0.0 1002.8
10729 20161012  3    2.2    5.9    8.9   13.2   80.8    2.0    7.3    2.7    5.3    0.0 1006.4
10729 20161011  3    0.6    3.1    8.4   13.9   81.5    2.0    8.6    5.8    6.3    0.2 1007.6
10729 20161010  3    4.2    5.2    8.2   11.6   89.0    1.0    3.8    0.0    8.0    0.0 1011.3
10729 20161009  3   -1.0    1.2    7.2   13.8   91.1    2.0    9.5    3.9    5.4    2.9 1012.3
10729 20161008  3    0.7    3.4    9.1   12.2   90.0    2.0    6.4    0.0    6.1    0.1 1009.9
10729 20161007  3    8.9    9.8   11.6   14.3   83.0    2.0    5.7    0.1    7.9    0.1 1007.0
10729 20161006  3    4.7    6.0    9.3   12.3   80.9    2.0    8.2    0.0    7.3    0.0 1009.4
10729 20161005  3    2.8    5.5    9.5   14.6   70.4    3.0   12.9    8.1    1.4    0.0 1017.4
10729 20161004  3    3.5    4.8   10.5   16.0   87.5    2.0    8.9    1.6    6.3    0.0 1018.6
10729 20161003  3    5.4    7.8   11.6   15.2   89.4    2.0    8.2    0.0    6.6    4.7 1013.0
10729 20161002  3    8.1   10.3   13.9   18.6   77.0    3.0   12.0    5.9    6.0    0.0 1003.5
10729 20161001  3    9.2   11.5   15.4   18.7   93.5    3.0   10.6    0.0    6.8    3.2  999.5
10729 20160930  3   10.7   13.5   16.5   21.1   76.6    2.0    9.4    0.3    7.5    3.1 1003.6
10729 20160929  3   10.4   12.5   18.8   26.0   65.1    3.0   11.8   10.6    2.9    0.0 1008.6
10729 20160928  3    7.4    9.5   16.3   24.1   76.2    2.0    9.7    7.7    1.7    0.0 1015.7
10729 20160927  3    7.7   10.3   15.6   20.7   87.6    1.0    4.5    3.7    4.8    0.0 1014.0
10729 20160926  3    9.2   12.1   17.2   21.9   73.5    2.0    6.0    2.0    6.9    1.7 1010.5
10729 20160925  3    4.8    7.2   16.2   25.2   74.5    2.0    7.4   10.9    1.8    0.0 1008.1
10729 20160924  3    5.3    7.6   14.8   23.7   74.4    2.0    7.7   10.9    0.7    0.0 1012.7
10729 20160923  3    5.6    8.0   14.6   22.9   75.8    1.0    4.8   10.1    3.5    0.0 1013.0
10729 20160922  3    3.8    5.7   13.6   22.0   73.3    2.0    6.9   10.1    2.2    0.0 1010.0
10729 20160921  3    5.7    8.3   13.7   20.2   72.6    2.0    5.6    6.3    3.0    0.0 1007.6
10729 20160920  3   11.3   13.0   15.8   19.0   77.4    2.0    4.3    0.0    7.8    0.0 1006.7
10729 20160919  3   12.5   13.0   15.6   18.8   76.5    2.0    7.5    0.5    7.8    0.0 1006.1
10729 20160918  3   13.9   15.1   16.6   19.3   91.6    2.0    7.9    0.5    7.5    4.6 1001.5
10729 20160917  3    8.1   10.3   16.8   22.2   79.3    2.0    8.3    4.3    5.5   11.0 1002.6
10729 20160916  3   11.1   13.2   17.5   22.1   77.9    2.0    8.8    0.1    7.6    0.0 1003.0
10729 20160915  3   12.8   15.4   22.7   27.6   59.6    2.0    8.5    7.4    3.5    0.0  999.4
10729 20160914  3   12.9   16.5   24.5   31.9   52.5    2.0    9.3   11.4    2.4    0.0 1000.5
10729 20160913  3   13.0   14.8   23.5   32.9   65.8    1.0    4.8   11.4    2.1    0.0 1002.5
10729 20160912  3   12.2   13.8   22.7   32.4   65.6    1.0    4.6   11.4    1.8    0.0 1004.8
10729 20160911  3   13.2   15.0   22.5   30.5   59.5    1.0    5.3   10.9    2.8    0.0 1005.8
10729 20160910  3   12.2   14.1   22.0   30.9   67.7    1.0    6.4   11.5    2.2    0.0 1004.2
10729 20160909  3   13.0   14.9   21.5   28.3   69.2    2.0    6.7    9.1    3.9    0.0 1005.3
10729 20160908  3   10.0   11.6   21.0   30.8   66.7    2.0    9.0   11.9    2.2    0.0 1001.7
10729 20160907  3   10.0   13.4   20.3   28.1   63.1    2.0    8.5   12.0    2.8    0.0 1007.6
10729 20160906  3    8.0    9.8   18.4   27.0   68.6    2.0    7.1   10.7    3.1    0.0 1013.7
10729 20160905  3    9.6   11.4   18.2   23.4   69.9    2.0    9.1    2.6    5.0    0.0 1008.5
10729 20160904  3   12.5   14.9   18.6   22.2   78.0    3.0   12.2    0.4    6.1    4.5 1003.3
10729 20160903  3   12.6   14.5   21.4   28.8   63.7    2.0    9.5    5.4    3.4    0.0 1006.3
10729 20160902  3   10.3   12.0   20.1   27.9   66.3    1.0    4.6   10.7    2.8    0.0 1008.9
10729 20160901  3   12.5   14.0   21.9   29.0   59.6    2.0    8.5    7.9    4.3    0.0 1009.8
10729 20160831  3   10.8   12.8   21.1   29.6   57.8    2.0    5.6   11.9    3.3    0.0 1008.7
10729 20160830  3   13.1   14.7   20.4   26.6   62.8    2.0    7.5    9.0    3.6    0.0 1011.6
10729 20160829  3   14.0   16.0   22.3   28.6   61.3    2.0    8.9    5.5    5.5    0.0 1007.3
10729 20160828  3   16.6   18.6   26.7   35.0   54.5    3.0   11.9   10.0    3.4    0.0 1003.2
10729 20160827  3   15.0   16.5   25.4   35.3   64.8    1.0    6.6   12.4    2.5    0.0 1005.0
10729 20160826  3   13.5   15.1   24.8   35.1   62.5    1.0    5.4   12.8    2.1    0.0 1005.0
10729 20160825  3   12.8   15.4   24.4   33.6   55.9    2.0    8.1   13.0    2.0    0.0 1005.7
10729 20160824  3   12.6   14.5   23.5   32.3   61.7    2.0    7.2   13.0    1.9    0.0 1010.3
10729 20160823  3   10.2   11.9   21.1   29.2   68.9    1.0    5.3   13.1    1.9    0.0 1014.8
10729 20160822  3   11.0   12.4   17.3   22.9   77.5    2.0    7.7    2.7    5.3    0.0 1015.8
10729 20160821  3   12.4   13.4   17.6   22.8   73.8    3.0   11.2    7.0    6.1    0.2 1009.0
10729 20160820  3   12.3   13.3   18.1   23.7   85.6    2.0    6.2    1.3    6.5    6.5 1003.1
10729 20160819  3   14.3   15.4   20.3   25.4   79.6    2.0    7.0    3.0    6.0    0.0  999.7
10729 20160818  3    9.4   11.8   18.2   25.7   73.2    2.0    8.5    5.9    4.5    7.2  998.5
10729 20160817  3   11.2   13.6   21.0   27.2   50.4    2.0    7.1   13.3    5.3    0.0 1001.0
10729 20160816  3   11.9   13.5   20.7   28.1   61.4    2.0    7.4   13.3    2.2    0.0 1004.7
10729 20160815  3   14.7   16.1   22.0   28.4   62.7    2.0    8.1   10.4    3.5    0.0 1008.8
10729 20160814  3   12.1   14.0   21.6   28.6   66.8    2.0    6.3   12.6    2.9    0.0 1010.1
10729 20160813  3   12.5   14.4   21.2   29.2   72.0    2.0    6.8   10.4    3.7    0.0 1011.3
10729 20160812  3   12.9   13.2   17.0   23.4   88.0    2.0    6.6    0.6    7.2    3.2 1013.0
10729 20160811  3    4.4    5.7   14.2   20.8   71.3    2.0    8.9    7.8    4.5    4.2 1012.3
10729 20160810  3    6.3    8.2   14.4   20.2   71.8    2.0   10.4    3.6    6.2    1.2 1009.7
10729 20160809  3   14.2   14.7   18.5   23.6   60.3    2.0    9.3    5.9    7.1    0.4 1008.9
10729 20160808  3   13.8   15.9   21.6   27.9   63.5    3.0   12.5   12.6    3.5    0.1 1008.8
10729 20160807  3   10.2   11.6   20.0   27.4   67.5    2.0    6.7   13.9    2.5    0.0 1015.0
10729 20160806  3   12.1   13.3   19.1   25.2   72.2    2.0    7.0    6.9    5.4    0.0 1014.2
10729 20160805  3   14.5   14.7   18.8   24.4   75.3    2.0    9.0    7.1    6.4    0.1 1007.0
10729 20160804  3   14.5   15.1   19.5   24.2   83.5    2.0    6.3    0.4    6.9    9.2 1001.5
10729 20160803  3   16.3   17.2   21.0   26.3   79.2    3.0    9.4    2.7    7.3    0.1 1002.9
10729 20160802  3   15.0   15.5   17.3   18.6   88.0    2.0   11.6    0.0    7.5    9.2 1005.7
10729 20160801  3    8.0    9.7   18.5   25.1   62.9    2.0    8.5    9.8    4.0    1.1 1007.5
10729 20160731  3   10.2   12.3   20.7   25.4   63.4    2.0   10.0    4.9    5.6    0.0 1002.2
10729 20160730  3   14.2   15.9   22.2   28.2   67.5    2.0    8.9    3.0    6.2    0.0 1001.6
10729 20160729  3   15.3   17.1   22.1   27.0   68.7    3.0   10.9    7.5    6.4    0.0 1002.8
10729 20160728  3   15.5   16.6   21.5   26.5   70.5    2.0    9.0    2.0    6.9    0.1 1004.8
10729 20160727  3   15.7   16.9   22.5   28.0   65.7    2.0   10.0    8.9    5.1    0.0 1005.6
10729 20160726  3   15.1   16.4   23.0   29.7   72.1    2.0    7.9    8.0    4.5    0.0 1007.2
10729 20160725  3   16.7   18.5   23.8   29.5   72.3    2.0    6.5    8.8    3.9    0.0 1006.7
10729 20160724  3   17.6   18.8   21.9   25.7   87.5    1.0    5.0    0.6    6.6    1.5 1006.7
10729 20160723  3   18.5   18.6   21.7   26.3   85.4    1.0    6.0    2.8    7.0    0.0 1005.4
10729 20160722  3   15.6   16.6   22.9   30.6   76.6    2.0   13.5    8.7    6.0   29.7 1003.6
10729 20160721  3   16.3   17.5   21.7   26.8   81.5    2.0   13.8    5.4    7.5    5.8 1004.3
10729 20160720  3   14.2   15.7   26.7   35.8   54.3    2.0    7.6   12.9    3.4    7.8 1003.0
10729 20160719  3   12.3   14.1   24.0   32.4   58.5    2.0    6.8   14.7    2.0    0.0 1008.2
10729 20160718  3   14.1   16.0   23.4   30.4   63.6    2.0    6.5   10.5    3.9    0.0 1009.7
10729 20160717  3   11.7   13.0   21.7   28.1   69.0    2.0    6.1    4.4    5.5    0.0 1010.2
10729 20160716  3    7.6    9.0   18.4   25.5   66.4    2.0    7.4    6.8    5.1    0.0 1013.5
10729 20160715  3    7.7    9.1   16.1   22.7   63.9    2.0    9.0    6.2    4.6    0.0 1013.8
10729 20160714  3    9.4   11.9   16.6   20.4   63.7    2.0    9.5    6.7    6.0    0.7 1007.6
10729 20160713  3   11.7   13.0   17.4   22.3   73.9    2.0   11.0    3.0    6.5    1.8 1002.6
10729 20160712  3   13.1   14.8   20.3   25.8   69.0    2.0   10.2    3.3    7.3    0.9 1001.7
10729 20160711  3   16.8   19.0   23.2   28.7   64.6    2.0   10.3    3.8    5.8    0.8 1000.3
10729 20160710  3   12.9   13.9   24.3   32.4   63.5    2.0    9.2   13.4    3.4    0.0 1001.9
10729 20160709  3   14.7   16.4   22.4   28.1   61.0    2.0    7.1    6.5    6.1    0.0 1007.7
10729 20160708  3   10.9   12.3   22.4   29.9   58.0    2.0   10.5    8.9    4.7    0.0 1005.4
10729 20160707  3   10.3   12.3   19.6   26.7   58.7    2.0    5.5   14.2    3.7    0.0 1009.0
10729 20160706  3   11.1   13.2   18.7   23.6   56.5    2.0    7.2    9.4    3.4    0.0 1009.0
10729 20160705  3   13.5   14.5   20.2   25.5   67.7    2.0   10.4    4.2    6.2    0.0 1005.4
10729 20160704  3   13.4   14.3   19.2   24.5   70.9    2.0    8.3    4.0    7.3    0.0 1008.8
10729 20160703  3   12.5   13.1   16.1   19.6   76.0    2.0    5.6    0.7    7.9    0.0 1009.8
10729 20160702  3   11.2   13.4   17.8   21.1   76.3    2.0   11.1    3.7    6.2    2.8 1004.7
10729 20160701  3   12.4   14.1   21.0   26.5   73.0    2.0   10.6    6.0    5.6    0.0 1004.0
10729 20160630  3   14.0   15.5   19.8   24.5   75.8    2.0    9.1    1.4    7.2    0.0 1003.1
10729 20160629  3   15.8   16.5   20.7   25.4   70.1    3.0   12.9    8.9    6.2    0.0 1002.2
10729 20160628  3   11.8   14.0   18.4   22.3   85.5    2.0    6.4    0.8    7.2    3.2 1005.8
10729 20160627  3    8.3   10.0   17.3   21.8   74.6    2.0    8.8    5.2    5.1    0.0 1008.8
10729 20160626  3   10.1   11.5   17.9   23.9   70.7    2.0    7.7    7.4    4.8    0.1 1007.0
10729 20160625  3   13.1   14.7   19.6   26.3   86.1    2.0   12.7    3.2    6.9    1.7 1003.0
10729 20160624  3   17.6   18.6   26.0   33.8   68.9    2.0    9.7   12.5    2.8    6.4 1004.2
10729 20160623  3   14.3   15.6   25.7   33.3   68.8    2.0    8.1   15.2    2.2    0.0 1007.1
10729 20160622  3   14.9   16.0   22.6   28.4   75.3    2.0    5.3    9.6    4.8    0.0 1011.2
10729 20160621  3   13.8   13.6   18.6   22.7   85.0    3.0    8.2    0.3    7.8    0.6 1009.5
10729 20160620  3    7.6    9.7   17.1   23.7   74.3    2.0   11.0    9.5    4.5    7.0 1009.7
10729 20160619  3    9.1   11.1   15.5   19.0   78.8    2.0    6.4    4.4    6.4    0.0 1011.4
10729 20160618  3   10.0   11.1   15.3   22.3   88.2    2.0    8.4    3.4    6.8    5.3 1005.6
10729 20160617  3    9.5   11.1   15.3   19.4   85.4    3.0   10.1    1.4    6.9    1.4  997.2
10729 20160616  3    8.1    9.5   14.9   19.7   86.7    2.0    5.3    0.8    7.2    0.2  991.5
10729 20160615  3    9.1   10.7   15.4   20.3   83.7    3.0   11.3    6.7    5.9    0.4  990.4
10729 20160614  3   12.3   13.1   16.3   19.7   86.4    2.0    9.2    0.9    7.2    2.6  990.1
10729 20160613  3   13.8   14.6   17.4   22.0   81.6    3.0   10.2    3.5    7.3    0.1  992.1
10729 20160612  3   14.3   14.5   17.3   22.0   87.6    2.0   10.4    2.0    7.5   17.4  997.1
10729 20160611  3   13.3   14.4   18.2   21.8   71.5    2.0    7.0    1.2    7.8    2.1  998.5
10729 20160610  3    8.1    9.7   17.7   24.2   68.1    2.0    6.7   12.4    3.7    0.0 1001.1
10729 20160609  3    9.5   11.4   17.5   24.0   71.8    2.0    8.4   11.9    3.2    0.0 1005.3
10729 20160608  3   12.6   14.4   18.5   23.8   82.9    2.0   12.6    1.7    6.5    3.3 1006.8
10729 20160607  3   12.0   13.9   21.6   29.4   70.8    2.0   11.5   10.5    4.0    0.0 1008.4
10729 20160606  3   11.1   12.8   21.1   28.8   74.3    2.0    6.7   14.0    2.0    0.0 1007.1
10729 20160605  3   13.3   14.4   18.4   24.5   87.1    2.0   12.8    5.4    6.0   16.5 1004.7
10729 20160604  3   13.9   15.0   18.3   23.4   90.2    2.0    5.6    3.4    6.7    3.2 1000.3
10729 20160603  3   12.0   13.2   17.6   22.0   88.8    1.0    7.1    1.6    7.3   18.4  999.0
10729 20160602  3   11.5   13.8   17.4   21.3   86.0    2.0    6.6    0.3    7.9    0.0  998.6
10729 20160601  3    7.8    9.3   15.7   20.4   88.8    2.0    6.1    2.7    5.5    4.2 1001.3
10729 20160531  3    9.3   11.2   17.3   21.8   74.8    2.0    9.7    4.6    6.1    0.0  998.9
10729 20160530  3   14.4   15.1   16.5   18.8   92.0    3.0   13.4    0.2    7.8    2.4  992.4
10729 20160529  3   13.5   14.2   18.2   24.0   87.6    2.0    9.9    4.1    6.6   51.5  994.1
10729 20160528  3   12.2   13.9   18.0   26.0   86.6    2.0    9.6    6.0    5.7    9.6 1000.1
10729 20160527  3   12.1   14.1   19.0   24.8   75.5    2.0    8.2    5.3    6.6    0.0 1002.5
10729 20160526  3    4.8    6.8   17.0   24.7   69.2    2.0    5.3   13.3    4.2    3.7 1003.5
10729 20160525  3    5.5    8.1   12.7   16.6   84.4    1.0    4.5    1.1    6.9    0.0 1003.6
10729 20160524  3   10.3   10.7   11.9   12.8   86.2    2.0    8.1    0.0    8.0    2.8 1003.3
10729 20160523  3   11.8   12.3   13.7   16.1   85.0    3.0   10.1    0.4    7.9    1.9 1000.6
10729 20160522  3    7.9    9.5   18.8   28.7   67.1    2.0   10.7    8.0    4.1    2.5  998.5
10729 20160521  3    7.5   10.0   17.1   23.9   73.2    2.0    7.0   11.4    4.0    0.0 1005.4
10729 20160520  3    5.1    7.4   15.1   21.2   70.4    2.0    9.1    6.1    5.3    0.0 1008.1
10729 20160519  3    5.0    7.6   14.1   18.9   73.3    2.0    7.3    6.3    5.6    0.0 1000.6
10729 20160518  3    8.8    9.6   15.4   21.3   64.1    2.0    8.5    5.1    7.5    2.2  999.7
10729 20160517  3    1.4    4.0   11.0   16.3   73.5    2.0    7.2    1.5    7.3    0.0 1007.1
10729 20160516  3    4.5    6.4    9.7   14.6   76.6    2.0    7.6    1.2    7.8    1.2 1008.3
10729 20160515  3    1.1    4.4    9.9   13.2   57.5    2.0    9.5    3.6    6.7    0.4 1007.9
10729 20160514  3    7.0    8.4   11.4   15.4   70.0    3.0   12.0    5.2    5.6    0.0  999.0
10729 20160513  3    9.5   11.3   14.7   22.3   86.8    2.0   11.3    1.9    7.3   11.5  989.4
10729 20160512  3    9.7   11.9   15.9   18.7   83.8    2.0    7.1    0.1    6.8    0.3  987.0
10729 20160511  3    7.6    9.7   18.0   24.8   69.9    2.0    9.7    8.3    3.7    5.3  992.2
10729 20160510  3    8.2   10.6   17.0   19.9   74.5    2.0    8.0    0.0    6.4    1.3  998.3
10729 20160509  3    9.8   14.4   20.3   26.0   48.6    2.0   12.4   12.4    4.0    0.0 1000.2
10729 20160508  3    8.0   12.8   20.5   26.2   41.3    3.0   12.3   14.2    2.1    0.0  999.4
10729 20160507  3    5.5    8.3   18.5   26.4   54.4    2.0    9.7   13.1    2.1    0.0  999.2
10729 20160506  3    3.1    5.9   16.2   24.9   63.0    1.0    4.7   14.0    1.7    0.0 1003.3
10729 20160505  3    0.9    4.4   13.8   20.5   56.6    3.0   12.6   14.0    0.8    0.0 1010.8
10729 20160504  3   -0.8    1.3   10.3   17.3   56.0    2.0    8.6   13.8    0.8    0.0 1015.7
10729 20160503  3    1.4    4.8   10.7   15.8   76.6    2.0   11.7    4.7    5.6    2.6 1009.8
10729 20160502  3    1.4    5.0   14.0   21.6   59.4    2.0    9.3   13.4    0.8    0.0 1010.0
10729 20160501  3    6.2    7.0   13.1   19.9   63.7    4.0   13.8    9.4    4.3    0.3 1007.4
10729 20160430  3   -1.6    0.3    9.9   18.9   69.6    2.0   11.9    6.5    5.6    3.5 1004.2
10729 20160429  3   -2.5    0.0    7.8   14.9   68.9    2.0    8.3    8.1    3.6    0.0 1005.8
10729 20160428  3   -1.7    0.2    5.5   11.6   80.3    2.0    7.7    5.4    4.8    0.5 1004.1
10729 20160427  3    0.2    2.0    5.4    9.7   71.3    3.0   15.5    1.8    6.5    0.0  998.3
10729 20160426  3    1.7    2.0    5.8   10.6   74.2    3.0   11.2    1.8    7.1    0.1  992.0
10729 20160425  3    0.7    2.7    5.4    7.7   75.7    3.0   13.3    2.4    7.3    8.2  999.1
10729 20160424  3   -2.9   -0.9    5.1   10.3   73.0    2.0   11.3    7.4    4.3    0.0 1002.3
10729 20160423  3    0.0    2.3    7.6   11.8   80.8    2.0    9.7    0.2    7.1    3.4  999.9
10729 20160422  3    4.6    7.3   13.0   18.8   63.3    2.0    6.3    2.0    6.6    0.2 1004.2
10729 20160421  3    0.1    3.5   13.3   22.9   52.4    2.0    7.9   12.8    1.5    0.0 1010.2
10729 20160420  3    0.1    3.1   10.5   17.9   61.7    2.0    6.9   12.8    0.6    0.0 1016.2
10729 20160419  3   -0.3    2.1    9.3   15.5   68.5    2.0    7.0    6.6    3.8    0.0 1014.3
10729 20160418  3    1.5    4.7    9.9   15.9   66.4    2.0    7.8    4.3    6.5    0.0 1009.0
10729 20160417  3    4.3    6.3    8.8   12.3   85.1    2.0    7.3    1.3    7.4    2.8  999.6
10729 20160416  3    9.1    9.3   11.8   15.5   87.0    3.0   10.1    1.7    7.5   20.3  993.0
10729 20160415  3    6.3    7.5   12.2   17.2   80.7    3.0   13.7    3.9    7.1    6.4  995.2
10729 20160414  3    3.8    5.8   11.2   17.3   76.1    2.0    6.4    8.8    4.3    1.2 1000.4
10729 20160413  3    5.0    7.0   10.6   13.5   89.1    2.0    7.9    0.4    6.5    2.9  996.8
10729 20160412  3    6.1    8.3   11.9   18.5   84.1    2.0   19.2    4.1    7.0    5.3  999.0
10729 20160411  3    1.3    5.2   12.6   19.3   63.6    2.0    5.6   11.8    2.5    3.7  999.8
10729 20160410  3    3.8    6.6   12.0   17.9   67.2    2.0    7.7    8.0    3.6    0.0  999.3
10729 20160409  3   -1.6    1.2    8.1   14.5   73.8    2.0    8.1    0.7    6.1    0.0  997.4
10729 20160408  3   -2.5    0.3    7.5   15.4   66.9    2.0    5.9    9.0    2.2    0.0 1000.3
10729 20160407  3   -0.4    2.7    9.9   13.8   64.9    2.0   11.1    2.4    6.5    0.2 1000.0
10729 20160406  3    4.1    6.5   12.9   17.3   70.6    3.0   10.9    7.6    5.2    0.3 1000.8
10729 20160405  3    9.1   10.2   12.8   17.4   90.4    2.0   12.6    0.2    7.5    2.5  996.9
10729 20160404  3    9.5   11.2   14.5   17.6   80.2    2.0    8.3    0.6    7.4    2.4  996.8
10729 20160403  3    7.1    8.7   14.5   20.6   75.7    2.0    5.4    4.0    6.8    0.0 1000.1
10729 20160402  3   -0.9    1.4    8.7   16.4   84.3    1.0    4.5    2.5    3.3    0.0 1005.0
10729 20160401  3    0.3    3.0    6.8   11.0   85.7    2.0   11.2    0.0    6.9    0.0 1006.0
10729 20160331  3    5.6    5.8   10.2   14.7   92.4    2.0   11.0    1.5    7.3    7.5  997.1
10729 20160330  3    5.7    7.3    9.6   12.3   86.7    2.0    8.3    0.0    7.7    6.8 1000.2
10729 20160329  3    2.3    5.5    9.7   14.2   68.0    3.0   14.8    3.0    6.9    0.1  999.3
10729 20160328  3   -0.2    2.1    8.4   14.8   78.0    4.0   18.6    0.8    6.1    3.7  994.4
10729 20160327  3    0.6    3.6    9.4   13.6   70.2    3.0   12.7    1.6    4.9    0.0 1000.2
10729 20160326  3   -1.2    0.9    8.9   15.3   79.1    2.0    8.9    9.1    3.2    0.0 1006.0
10729 20160325  3    1.7    5.0    6.9    8.1   91.2    2.0    9.3    0.0    7.1    9.5 1003.3
10729 20160324  3    2.2    3.2    7.7   12.6   67.4    2.0    8.4    3.0    7.2    0.5 1003.2
10729 20160323  3   -1.9    1.8    7.9   11.8   72.0    2.0    8.7    1.3    6.3    0.0  998.8
10729 20160322  3    1.5    4.2    8.2   12.8   67.3    2.0    9.2    5.0    6.6    0.1 1002.0
10729 20160321  3    3.4    4.3    6.7   10.4   78.7    2.0    8.2    0.5    7.9    0.9 1006.6
10729 20160320  3    3.2    4.6    5.5    6.6   74.7    2.0    6.3    0.0    8.0    0.0 1007.8
10729 20160319  3    0.3    2.1    5.4    7.5   76.2    2.0    6.3    0.0    7.3    0.0 1009.2
10729 20160318  3   -5.8   -2.8    6.5   15.6   65.4    2.0    7.6   10.8    0.4    0.0 1008.7
10729 20160317  3   -3.4    0.1    6.4   14.6   61.9    2.0    6.4   10.9    0.5    0.0 1013.5
10729 20160316  3   -0.6    2.9    5.8    9.9   60.8    3.0   14.8    3.6    4.1    0.0 1013.0
10729 20160315  3   -3.5   -0.6    3.8    6.9   75.9    2.0    9.8    0.7    5.0    2.0 1013.1
10729 20160314  3   -3.1    0.9    5.7   11.0   58.3    3.0    9.9   10.7    1.4    0.0 1017.6
10729 20160313  3    0.0    2.3    6.5   11.2   66.7    3.0   12.9    5.9    4.5    0.0 1018.1
10729 20160312  3   -4.1   -0.6    5.1   10.9   66.0    2.0    9.9    8.7    2.8    0.0 1016.1
10729 20160311  3   -4.8   -1.4    5.5   11.7   69.9    2.0    8.7    3.3    3.9    0.0 1013.0
10729 20160310  3   -7.4   -4.1    3.6   10.9   74.3    2.0    6.7    8.9    1.9    0.0 1004.9
10729 20160309  3   -6.1   -2.8    2.4    8.7   80.4    3.0   12.0    7.4    1.7    0.0  998.9
10729 20160308  3   -3.3   -0.8    2.1    5.8   89.6    2.0    5.1    1.3    6.0    0.0 1003.4
10729 20160307  3   -1.6    0.2    3.5    7.9   83.4    2.0    8.4    3.5    6.9    2.6  993.3
10729 20160306  3   -2.2    0.0    3.5    5.6   88.1    3.0   10.8    0.0    7.6    0.9  989.6
10729 20160305  3   -1.8    0.7    5.8    8.0   90.7    2.0    7.6    0.1    7.5    0.4  984.1
10729 20160304  3   -1.2    0.2    4.1    7.2   85.5    3.0   15.6    0.7    6.0    3.5  988.8
10729 20160303  3   -0.3    1.5    3.2    4.5   91.0    2.0    8.5    0.1    7.3    2.2  991.6
10729 20160302  3    1.9    2.9    5.3    8.2   86.5    4.0   13.4    0.0    7.3    1.7  992.9
10729 20160301  3   -5.5   -2.3    3.9    9.1   66.9    3.0   11.6    7.4    4.8    2.4 1007.7
10729 20160229  3    1.8    2.4    3.8    5.7   68.2    4.0   14.7    0.0    8.0    0.0 1004.8
10729 20160228  3   -3.6   -0.8    3.1    6.3   68.4    3.0   10.6    0.0    6.1    0.0  999.8
10729 20160227  3   -4.7   -0.7    3.6    9.6   61.9    2.0    7.8    9.3    1.0    0.0  995.3
10729 20160226  3   -8.2   -4.9    1.4    6.8   72.7    2.0    6.4    6.6    3.1    0.0 1001.0
10729 20160225  3   -5.9   -3.1    2.4    7.6   73.5    2.0    8.1    7.0    3.2    0.0 1001.8
10729 20160224  3   -2.6   -0.1    3.0    7.4   83.3    2.0    4.3    3.9    6.6    0.0 1005.8
10729 20160223  3    0.0    0.6    2.9    9.4   96.6    2.0   10.2    0.0    7.5    9.2 1001.9
10729 20160222  3    8.1    9.4   11.6   13.4   67.6    4.0   16.0    2.7    6.7   10.9  999.7
10729 20160221  3    9.4   10.4   11.6   12.8   84.0    4.0   14.9    0.0    7.8    0.2 1004.2
10729 20160220  3   -1.9    0.0    4.7   10.4   90.9    4.0   14.9    0.0    7.3    3.9 1006.3
10729 20160219  3   -2.4   -0.8    2.2    5.2   88.4    2.0    7.2    0.2    6.8    0.1 1009.2
10729 20160218  3   -3.9   -1.8    2.7    7.8   79.3    2.0    7.4    3.2    6.0    0.0 1004.5
10729 20160217  3   -2.7   -1.7    2.0    4.1   77.4    2.0    7.2    0.0    7.3    0.0 1009.1
10729 20160216  3   -2.9   -1.7    1.7    4.6   74.7    3.0    9.1    2.1    6.3    0.0 1020.7
10729 20160215  3    2.2    2.5    4.1    5.5   85.9    2.0    9.5    0.0    7.9    0.1 1000.6
10729 20160214  3    3.6    5.4    7.2    8.6   80.1    3.0   11.0    1.3    7.5    0.1  978.4
10729 20160213  3   -1.2    0.3    4.5    7.4   87.6    3.0   11.2    0.0    7.5    4.5  978.5
10729 20160212  3   -2.7   -0.6    3.8    7.6   80.5    2.0    7.7    3.3    6.3    0.0  988.8
10729 20160211  3    1.3    3.3    4.7    7.3   84.9    3.0    9.2    0.1    7.8    0.3  994.8
10729 20160210  3    0.5    1.9    4.1    5.4   85.1    3.0   13.5    0.0    7.5    1.5  986.6
10729 20160209  3    4.1    5.3    8.1   11.7   80.5    4.0   20.8    0.0    7.6   10.0  983.9
10729 20160208  3    2.5    4.6    7.8   11.6   76.7    4.0   20.1    0.6    6.5    7.2  991.3
10729 20160207  3   -0.5    2.3    7.0    9.4   81.7    3.0   11.4    0.0    6.5    1.3  994.3
10729 20160206  3   -1.4    1.0    5.9   12.8   85.8    3.0    9.0    5.1    2.0    0.0 1003.3
10729 20160205  3   -0.3    2.1    6.5   10.4   93.8    2.0    6.8    0.1    7.2    0.1 1014.3
10729 20160204  3    0.9    2.8    4.8    7.2   85.3    3.0   12.3    0.0    7.8    3.8 1012.7
10729 20160203  3   -0.3    2.7    5.7    8.8   78.8    2.0    9.8    0.8    6.8    2.1 1008.4
10729 20160202  3    6.1    7.4   11.0   12.7   77.5    4.0   15.4    0.0    7.8    3.2 1007.6
10729 20160201  3   10.2   11.4   12.9   14.0   72.9    4.0   15.4    0.0    7.9    0.0 1009.1
10729 20160131  3    0.6    2.7    6.5   13.5   89.8    3.0   10.2    0.0    7.8    1.5 1002.0
10729 20160130  3    3.8    5.7    7.5    9.9   77.6    4.0   18.3    0.0    7.8    4.8 1005.7
10729 20160129  3   -3.0    0.5    6.2   10.4   79.4    3.0   11.7    8.2    3.1    0.0 1017.2
10729 20160128  3    4.6    6.4    9.9   13.4   75.9    2.0   11.6    0.0    7.8    0.0 1012.2
10729 20160127  3    4.9    7.2   11.2   14.4   72.3    3.0    9.9    0.2    7.8    0.0 1009.6
10729 20160126  3    0.2    3.4    8.4   14.6   80.7    3.0    8.5    7.1    3.0    0.0 1014.5
10729 20160125  3   -0.9    2.3    7.3   12.7   82.5    2.0    6.1    5.1    4.1    0.0 1017.4
10729 20160124  3   -2.7   -0.4    3.7    6.0   93.3    2.0    7.8    0.1    7.5    0.1 1021.8
10729 20160123  3   -1.9   -0.1    3.5    9.1   94.5    2.0    8.4    0.9    7.8    0.0 1021.1
10729 20160122  3  -10.4   -8.1   -3.2    0.6   86.3    2.0    7.0    6.9    1.8    3.0 1017.1
10729 20160121  3   -8.2   -5.2   -0.9    3.5   84.8    2.0    4.3    3.0    5.0    0.0 1014.7
10729 20160120  3   -5.4   -5.5   -3.1   -0.8   84.1    2.0    6.4    1.8    7.6    0.0 1008.3
10729 20160119  3  -10.0   -7.8   -4.9   -1.8   83.6    2.0    4.8    4.5    5.8    0.0 1005.3
10729 20160118  3  -10.1   -7.3   -4.0    0.6   83.0    2.0    5.3    7.3    0.5    0.0 1009.0
10729 20160117  3   -7.8   -4.9    0.0    2.3   81.8    2.0   10.1    0.9    6.6    0.6 1012.0
10729 20160116  3   -0.8    0.8    2.2    4.7   84.0    2.0   11.0    0.6    7.3    1.0 1009.1
10729 20160115  3    0.2    1.1    2.5    3.4   86.2    3.0   12.2    0.0    7.8    1.4  998.2
10729 20160114  3   -2.2   -0.1    3.0    7.6   84.3    3.0   11.2    3.9    5.6    3.6  999.1
10729 20160113  3    0.2    2.1    5.4    7.5   80.2    3.0   14.7    0.1    7.5    0.2 1001.0
10729 20160112  3    1.3    4.4    5.7    8.1   88.4    3.0   13.9    0.0    7.3    2.8  987.6
10729 20160111  3    2.5    4.3    6.0    7.4   93.3    3.0   12.2    0.0    7.5    7.5  980.6
10729 20160110  3   -0.1    2.6    6.3    8.4   93.3    3.0    8.9    0.1    7.1    3.9  985.6
10729 20160109  3   -3.5   -1.3    1.9    5.6   95.9    1.0    5.5    0.0    7.3    2.5  992.0
10729 20160108  3   -2.4   -0.4    4.3    8.9   85.0    2.0    9.9    5.2    4.4    0.0  994.0
10729 20160107  3    0.5    3.0    5.2    8.1   89.4    3.0   13.1    1.3    5.4    3.1  986.8
10729 20160106  3    1.6    3.7    5.5    6.9   94.1    2.0    5.6    0.0    7.7    0.9  988.5
10729 20160105  3    0.6    3.1    5.4    7.5   95.5    3.0    7.7    0.2    7.3    6.4  984.0
10729 20160104  3    1.4    3.6    5.4    7.7   94.1    3.0    9.3    0.0    7.3    4.3  981.2
10729 20160103  3    2.3    4.1    6.0    9.0   91.5    3.0   11.2    0.4    7.8    4.3  994.7
10729 20160102  3    1.0    3.4    4.7    5.3   94.5    1.0    8.6    0.0    7.8    7.5 1002.2
10729 20160101  3   -0.2    2.3    5.2    7.7   92.4    2.0    8.3    0.0    7.4    0.1 1013.2
10729 20151231  3   -4.0   -1.3    3.4    7.3   95.2    2.0    8.3    1.2    4.9    1.0 1011.7
10729 20151230  3   -2.7   -0.5    5.0    7.9   86.0    2.0    7.8    1.2    5.9    0.1 1015.6
10729 20151229  3   -3.6   -2.1    2.6    7.1   91.3    2.0    4.9    5.9    4.5    0.0 1016.5
10729 20151228  3   -2.4   -0.7    1.9    3.7   99.9    1.0    3.6    0.0    6.0    0.0 1016.9
