                Tageswerte der Station 10852 Augsburg                                               
 STAT JJJJMMDD QN     TG     TN     TM     TX    RFM     FM     FX     SO     NM     RR     PM
----- -------- -- ------ ------ ------ ------ ------ ------ ------ ------ ------ ------ ------
10852 20170502  1    3.3    4.9    8.2   13.8   83.8    3.0   12.1    4.0    6.2    0.5  959.2
10852 20170501  1   -1.8    1.3    6.2   11.6   87.5    3.0   10.6    2.7    7.4   19.4  955.5
10852 20170430  1   -3.2    0.1    8.6   15.3   66.4    3.0   12.9   13.5    1.2    0.0  956.2
10852 20170429  1   -1.6    0.9    6.1   12.1   77.5    2.0    7.5    3.3    5.8    0.0  961.5
10852 20170428  1   -1.6    0.7    3.4    6.1   93.8    3.0    8.4    0.0    6.5    4.8  957.3
10852 20170427  1    1.6    1.7    3.0    4.8   94.9    2.0    5.2    0.0    7.2   18.4  957.2
10852 20170426  1    0.0    0.1    2.0    4.5   97.0    2.0    6.1    0.0    7.7    8.6  954.1
10852 20170425  1    2.1    2.1    8.4   13.2   86.8    2.0   14.1    0.2    7.5   29.9  952.2
10852 20170424  1   -7.5   -4.1    6.9   16.8   66.2    2.0    6.5   12.5    3.4    0.5  959.8
10852 20170423  1   -5.6   -2.8    4.2    9.1   75.2    2.0   11.2    4.8    6.2    0.0  966.7
10852 20170422  1   -3.1   -0.1    5.7   10.8   77.5    3.0   11.8    0.0    6.8    1.9  966.4
10852 20170421  1   -7.7   -3.7    4.9   12.4   63.0    2.0    8.2   10.6    3.5    0.0  973.0
10852 20170420  1   -6.7   -3.3    1.1    6.3   71.0    2.0    7.0    6.3    5.3    0.0  975.9
10852 20170419  1   -2.7   -1.0    1.4    5.4   79.4    3.0   11.6    2.4    7.5    0.3  971.4
10852 20170418  1   -0.3    0.0    1.8    5.7   91.5    3.0   12.6    1.6    7.5    3.1  963.9
10852 20170417  1   -0.6    1.6    5.2    9.9   88.6    3.0   16.4    0.1    7.2    9.9  960.3
10852 20170416  1    3.1    3.7    6.2    8.7   82.1    3.0   11.5    0.0    7.5    2.7  962.9
10852 20170415  1    4.8    6.3   10.5   14.7   69.4    3.0   14.1    3.1    8.0    0.8  959.8
10852 20170414  1    0.1    3.1    8.5   13.0   70.5    2.0    7.9    0.9    7.3    0.0  960.3
10852 20170413  1    1.4    4.4   11.0   14.3   63.9    3.0   12.9    3.3    7.7    0.0  958.6
10852 20170412  1   -3.0   -0.8    9.9   18.0   63.5    2.0    9.6    7.5    7.3    0.0  962.1
10852 20170411  1   -2.2    0.3    7.6   12.5   70.8    2.0    9.2   10.0    7.0    0.0  967.2
10852 20170410  1    1.6    4.9   13.9   22.4   65.0    3.0   17.3    8.7    3.2    0.2  963.0
10852 20170409  1   -1.9    1.3   11.5   21.8   72.5    1.0    5.5   12.3    0.7    0.0  967.2
10852 20170408  1   -1.9    0.6    9.3   18.3   76.7    1.0    4.0   12.1    1.0    0.0  967.4
10852 20170407  1   -0.5    2.4    7.7   14.0   71.7    2.0   10.4    8.5    6.2    0.0  967.2
10852 20170406  1   -1.6    1.0    5.8    8.6   67.7    3.0   10.0    3.0    7.1    0.0  967.7
10852 20170405  1   -0.3    1.1    7.6   13.2   82.5    2.0    6.7    2.5    6.7    0.0  965.6
10852 20170404  1   -0.4    2.2    8.2   13.9   87.6    2.0   11.2    2.0    7.5    6.4  966.0
10852 20170403  1    2.0    4.6   10.9   16.7   84.7    2.0    9.2    2.7    6.8    1.0  966.2
10852 20170402  3    3.6    6.2   12.0   18.2   76.5    2.0    6.7    8.5    4.7    0.0  961.3
10852 20170401  3   -0.6    3.1   13.2   22.3   64.0    2.0    8.3    8.1    5.6    0.0  955.9
10852 20170331  3   -1.7    2.0   12.2   22.6   69.5    1.0    3.9   11.0    6.4    0.0  962.5
10852 20170330  3   -1.6    2.0   10.9   19.6   72.7    2.0    4.9   11.3    4.3    0.0  969.9
10852 20170329  3   -0.9    3.3   10.6   18.1   70.1    2.0   12.9    9.9    5.3    0.0  970.0
10852 20170328  3   -6.9   -3.0    8.6   18.7   67.2    2.0    6.7   11.0    1.4    0.0  967.3
10852 20170327  3   -6.6   -0.9    6.9   16.5   55.1    3.0   10.1   11.8    2.4    0.0  966.9
10852 20170326  3   -5.7   -0.7    6.4   12.4   66.8    3.0    9.8   10.0    5.8    0.0  965.4
10852 20170325  3   -0.6    3.4    8.0   13.4   70.1    3.0   12.1    9.3    6.9    0.0  967.4
10852 20170324  3    0.7    3.9    6.6    8.9   91.4    3.0   10.1    0.0    7.8    0.0  967.9
10852 20170323  3    5.1    6.0    8.4   12.4   89.3    3.0    8.6    4.3    7.4    0.0  959.2
10852 20170322  3    3.6    3.6    5.4    6.6   97.3    2.0    6.5    0.0    7.9    1.6  956.8
10852 20170321  3    3.8    5.8    9.4   13.0   77.3    3.0    9.1    1.2    7.9    3.1  955.5
10852 20170320  3    2.2    5.4   10.2   15.0   80.8    3.0   12.2    2.4    7.8    0.1  956.5
10852 20170319  3    7.6    8.1   10.9   13.7   84.7    4.0   14.4    0.2    7.8    0.0  956.7
10852 20170318  3    5.4    6.8    7.8    8.6   86.6    5.0   18.2    0.0    7.7    3.2  955.2
10852 20170317  3   -3.4    1.5   10.2   19.0   69.2    4.0   12.9    7.9    4.9    0.2  959.6
10852 20170316  3   -5.5   -2.9    5.6   15.8   77.1    1.0    5.4    8.7    3.9    0.0  968.5
10852 20170315  3   -4.5   -1.0    5.3   12.0   86.5    2.0    5.6    1.4    7.2    0.0  974.0
10852 20170314  3   -6.1   -2.6    5.5   13.3   75.1    2.0    7.5    5.6    6.8    0.0  974.2
10852 20170313  3   -6.5   -3.5    3.4   10.5   73.5    1.0    5.8    8.3    6.2    0.0  967.6
10852 20170312  3   -6.2   -2.1    4.1   10.8   71.3    3.0    9.3   10.3    3.3    0.0  960.9
10852 20170311  3   -7.5   -4.2    3.2   10.4   76.4    2.0    8.2    6.3    5.6    0.0  966.3
10852 20170310  3   -6.0   -2.7    4.5    8.5   76.5    3.0   12.5    4.3    4.1    0.0  969.0
10852 20170309  3    5.2    6.8    8.5   10.2   96.2    3.0   12.6    0.4    7.3    6.3  963.1
10852 20170308  3   -4.0   -0.8    4.7    8.2   83.4    3.0   14.0    2.3    7.2    4.8  965.3
10852 20170307  3   -1.8    1.2    3.9    7.3   85.6    3.0   11.8    1.9    7.0    0.0  957.6
10852 20170306  3    0.7    2.3    5.1    9.2   78.5    4.0   14.1    1.5    7.8    1.0  947.9
10852 20170305  3    1.1    2.6    6.6   10.8   70.8    3.0   12.5    3.4    7.1    4.2  949.0
10852 20170304  3   -5.2   -1.6    9.0   17.5   64.1    3.0   13.9    6.3    6.8    0.0  941.8
10852 20170303  3   -5.9   -2.5    4.4   10.8   69.3    2.0    8.7    3.7    7.9    0.0  955.7
10852 20170302  3   -4.8   -0.4    6.5   10.5   67.2    4.0   19.1    7.6    5.0    0.6  957.0
10852 20170301  3    0.4    2.0    4.9    7.3   75.0    4.0   16.7    0.7    7.2    5.9  951.2
10852 20170228  3   -2.4    0.2    3.5    5.9   85.7    3.0   13.9    0.1    7.4    4.7  943.9
10852 20170227  3   -6.8   -3.1    5.1   14.7   70.0    2.0    6.5    9.4    2.4    1.1  952.0
10852 20170226  3   -6.2   -2.0    3.9   10.9   72.8    2.0    7.8    3.6    6.0    0.0  960.8
10852 20170225  3   -8.7   -5.0    1.1    7.9   80.0    1.0    5.6    9.6    5.2    0.0  965.1
10852 20170224  3   -6.4   -2.8    4.0    7.1   72.1    4.0   20.1    1.9    6.5    0.1  955.5
10852 20170223  3    2.8    5.2   11.8   18.9   53.5    4.0   23.1    4.9    7.7    0.0  949.5
10852 20170222  3    6.4    7.4    9.0   10.7   80.0    4.0   16.7    0.7    7.7    0.1  957.8
10852 20170221  3    5.9    6.3    8.1    9.6   95.8    4.0   14.1    0.0    7.6    2.4  960.9
10852 20170220  3    2.6    3.3    6.0    8.5   81.7    3.0   13.2    1.3    7.8    2.1  964.9
10852 20170219  3   -5.6   -3.4   -0.2    4.4   98.0    2.0    6.6    0.4    7.6    0.4  967.3
10852 20170218  3   -5.5   -2.6    3.1    5.9   95.0    1.0    3.5    0.0    6.8    0.0  969.6
10852 20170217  3    1.4    2.3    3.8    5.6   93.8    2.0    8.9    0.4    7.5    3.8  969.1
10852 20170216  3   -7.2   -3.7    3.8   13.7   77.6    2.0    4.5    9.4    1.8    3.2  974.4
10852 20170215  3   -9.3   -6.5    0.3   11.0   87.5    1.0    2.8    9.0    0.0    0.0  977.2
10852 20170214  3   -9.5   -7.2   -1.7    6.7   90.7    1.0    5.2    6.1    1.4    0.0  973.0
10852 20170213  3   -7.3   -3.2    0.3    3.7   84.5    3.0   11.2    2.6    5.3    0.0  970.5
10852 20170212  3   -4.7   -2.3   -0.6    0.3   94.4    3.0    8.5    0.0    7.7    0.0  969.0
10852 20170211  3   -8.7   -5.7   -0.3    5.8   86.8    2.0    6.5    8.3    2.5    0.0  963.8
10852 20170210  3   -3.5   -2.3   -1.6   -0.4   87.1    2.0    5.2    0.0    8.0    0.0  963.3
10852 20170209  3   -6.7   -3.9   -1.5    0.8   82.2    3.0    8.7    0.3    7.2    0.0  966.0
10852 20170208  3   -4.9   -2.7    0.8    2.8   83.4    2.0    7.6    0.0    7.5    0.0  964.1
10852 20170207  3   -0.4    0.4    2.5    5.5   88.3    1.0    4.8    1.2    7.7    0.0  960.9
10852 20170206  3   -1.1    0.0    2.0    3.7   87.2    2.0    4.1    0.0    7.9    0.0  957.2
10852 20170205  3   -4.9   -1.9    4.1    8.4   71.8    3.0   14.2    4.6    6.4    0.0  948.3
10852 20170204  3   -4.6   -1.2    4.6    8.5   84.5    3.0   17.1    4.6    6.8    0.0  948.8
10852 20170203  3   -1.9   -1.1    1.8    7.2   98.2    1.0    6.3    0.0    7.7    1.5  952.5
10852 20170202  3   -1.8   -0.7    2.0    7.9   96.8    2.0    4.8    2.7    7.4    0.0  957.1
10852 20170201  3   -0.2    0.0    1.3    2.9   97.3    2.0    5.3    0.0    7.8    0.0  961.4
10852 20170131  3   -0.3    0.0    3.4    5.4   98.3    2.0    9.2    0.0    7.9    5.0  958.6
10852 20170130  3  -12.2   -9.8   -1.5    4.5   93.1    2.0   13.3    0.1    6.9    2.6  961.1
10852 20170129  3  -15.7  -12.8   -5.9    4.8   85.4    1.0    3.4    8.3    2.5    0.0  966.2
10852 20170128  3  -17.3  -14.3   -8.1   -1.0   85.5    1.0    3.3    8.2    6.3    0.0  963.9
10852 20170127  3  -18.5  -16.2   -9.2   -1.7   86.3    1.0    5.4    8.3    0.3    0.0  964.9
10852 20170126  3  -17.5  -13.2   -5.1   -2.2   83.2    3.0    9.7    4.3    4.3    0.0  967.9
10852 20170125  3   -9.9  -10.5   -7.0   -4.0   89.3    3.0    8.6    0.0    7.9    0.0  970.7
10852 20170124  3   -9.5  -10.8   -8.6   -7.4   92.5    2.0    5.6    0.0    7.5    0.0  968.7
10852 20170123  3  -20.2  -16.1  -12.5   -7.7   90.4    1.0    2.5    3.6    3.0    0.0  966.6
#10852 20170122  3  -19.4  -16.2  -11.8   -8.0   93.0           2.1    0.0    6.5    0.0  968.2
#10852 20170121  3  -18.9  -16.3  -11.9   -5.0   88.1           3.2    5.2    1.8    0.0  972.0
10852 20170120  3  -19.0  -14.9   -9.8   -3.7   84.8    1.0    3.9    7.8    0.0    0.0  974.0
10852 20170119  3  -16.3  -11.2   -7.6   -3.6   81.2    2.0    8.6    6.9    2.8    0.0  975.2
10852 20170118  3  -10.0   -7.2   -5.2   -3.9   75.9    3.0   10.8    0.0    6.9    0.0  975.7
10852 20170117  3  -13.1  -11.6   -7.2   -4.8   84.7    3.0    8.8    6.2    3.6    0.0  972.7
10852 20170116  3  -11.0   -8.3   -4.3   -3.0   93.4    2.0    7.9    0.0    7.6    0.6  965.2
10852 20170115  3  -14.9   -6.7   -2.7   -0.5   91.2    3.0   10.6    1.8    7.1    1.1  962.0
10852 20170114  3   -7.3   -4.4   -0.7    1.4   83.6    4.0   14.1    1.0    7.3    0.3  954.1
10852 20170113  3   -9.0   -4.5    1.0    5.4   76.0    5.0   24.0    0.1    7.2    0.2  945.7
10852 20170112  3    0.0    1.6    2.9    4.7   93.0    3.0   13.8    0.0    7.6    7.4  954.4
10852 20170111  3   -2.3   -4.4   -0.9    2.7   90.8    3.0   16.9    0.7    7.6    0.9  956.1
10852 20170110  3   -2.2   -4.3   -2.7   -1.4   80.3    2.0    6.5    2.2    7.3    0.2  956.6
10852 20170109  3   -2.0   -3.4   -2.0   -0.3   88.5    1.0    5.1    0.0    8.0    0.0  969.0
10852 20170108  3   -3.2   -5.1   -2.7   -1.2   95.8    2.0    6.5    0.0    7.6    1.6  971.4
10852 20170107  3  -21.8  -18.3  -10.5   -4.9   83.0    2.0    6.7    0.0    6.4    1.5  975.5
10852 20170106  3  -21.6  -17.2  -11.8   -6.3   86.1    1.0    4.2    6.2    0.8    0.0  979.8
10852 20170105  3  -10.6   -6.9   -3.2   -0.2   75.6    3.0   15.2    2.3    6.8    0.0  967.3
10852 20170104  3   -1.8   -1.4    0.0    0.9   83.8    5.0   18.5    0.0    7.6    0.3  958.5
10852 20170103  3  -11.4   -5.0   -1.1    0.0   85.3    3.0   10.9    1.3    7.7    0.0  968.0
10852 20170102  3  -11.2   -8.8   -2.6   -0.1   96.9    2.0    8.4    0.0    6.5    1.8  964.1
10852 20170101  3  -11.0   -8.4   -4.8   -0.9   97.3    1.0    2.4    4.1    5.0    0.0  965.7
10852 20161231  3   -4.7   -5.3   -3.9   -2.6   99.1    1.0    2.5    0.0    8.0    0.0  976.1
10852 20161230  3  -10.6   -7.6   -4.6   -3.5   99.5    1.0    3.5    0.0    6.7    0.0  980.4
10852 20161229  3   -9.9   -5.6   -1.5    3.9   94.9    2.0    6.0    7.2    0.1    0.0  982.0
10852 20161228  3   -7.0   -3.3    2.5    4.4   80.0    2.0    7.7    0.0    7.5    0.0  984.7
10852 20161227  3   -4.8   -1.7    2.0    3.8   81.3    3.0   10.5    0.1    6.5    0.0  982.1
10852 20161226  3   -1.3    1.3    7.0   10.3   78.1    3.0   13.8    2.1    7.0    0.3  973.3
10852 20161225  3    3.5    4.8    6.6    8.6   78.3    4.0   12.2    0.1    7.7    0.2  972.3
10852 20161224  3    3.1    3.3    5.3    7.1   87.3    4.0   13.7    0.0    7.9    0.3  973.1
10852 20161223  3   -4.3   -3.5    1.3    4.3   99.7    1.0    5.2    0.0    7.8    0.0  977.1
10852 20161222  3   -6.3   -3.4   -2.0    1.4   97.8    2.0    4.4    3.3    8.0    0.1  974.8
10852 20161221  3   -1.9   -2.3   -1.7   -0.8   99.0    1.0    3.7    0.0    8.0    0.0  972.2
10852 20161220  3   -1.8   -2.1   -1.5   -0.6   95.7    2.0    8.1    0.0    7.9    0.0  967.1
10852 20161219  3   -0.8   -1.0    0.5    1.5   94.5    3.0    9.7    0.0    7.9    0.0  969.9
10852 20161218  3   -2.4   -0.5    0.5    1.8   97.5    2.0    7.8    0.0    7.8    0.0  976.7
10852 20161217  3   -1.8   -2.3   -1.0    0.0   98.0    2.0    4.1    0.0    8.0    0.0  979.9
10852 20161216  3   -0.5   -0.8    0.1    1.2   94.5    2.0    7.3    0.0    7.8    0.0  973.6
10852 20161215  3   -3.4   -0.7    2.2    4.2   97.7    2.0    7.7    0.0    7.4    0.0  970.3
10852 20161214  3   -0.9    0.1    3.8    8.3   86.6    1.0    3.8    3.4    7.1    0.0  968.6
10852 20161213  3   -7.8   -6.2   -1.3    3.7   97.0    1.0    3.7    5.7    5.8    0.2  969.8
10852 20161212  3   -5.9   -3.0    3.2    5.6   90.8    2.0    8.5    0.0    6.5    0.0  969.0
10852 20161211  3   -8.3   -4.8    1.9    5.2   87.0    3.0   10.4    0.0    6.6    1.0  965.8
10852 20161210  3   -7.6   -4.4    1.5    9.8   77.3    2.0    4.9    7.4    3.0    0.0  969.9
10852 20161209  3   -7.9   -4.7    2.5   10.5   75.5    2.0    5.1    5.1    5.5    0.0  974.8
10852 20161208  3   -7.6   -5.8   -1.5    6.5   91.5    1.0    4.4    7.4    4.8    0.0  976.6
10852 20161207  3   -3.8   -4.3   -3.3   -2.3   99.9    1.0    4.2    0.0    8.0    0.0  977.6
10852 20161206  3   -8.4   -6.2   -2.5    3.4   94.5    1.0    3.5    7.5    4.5    0.0  974.1
10852 20161205  3   -3.2   -3.6   -2.8   -1.8   99.3    2.0    4.4    0.0    8.0    0.0  971.0
10852 20161204  3  -11.3   -8.0   -3.7   -1.9   95.6    2.0    6.6    0.0    6.0    0.0  969.7
10852 20161203  3  -10.5   -5.5   -1.6    2.4   92.9    2.0    7.6    7.6    1.8    0.0  966.1
10852 20161202  3    1.2    1.6    3.2    5.7   87.4    3.0    9.6    0.5    7.7    0.2  964.9
10852 20161201  3   -4.4   -1.1    2.2    6.8   72.4    3.0    8.8    2.4    7.6    0.0  969.7
10852 20161130  3  -11.0   -9.7   -1.9    3.6   84.3    2.0    7.2    7.5    5.8    0.0  974.7
10852 20161129  3  -10.5   -7.9   -3.5    1.1   80.8    2.0    8.6    7.7    0.0    0.0  974.6
10852 20161128  3   -8.7   -5.0   -1.9    1.2   84.2    2.0    8.8    4.4    0.5    0.0  968.4
10852 20161127  3   -5.3   -1.6    4.6    7.4   91.8    2.0    6.8    2.2    7.0    0.0  961.3
10852 20161126  3    4.9    5.1    5.8    6.8   95.5    2.0    6.3    0.0    8.0    0.0  961.2
10852 20161125  3    4.8    4.8    6.1    7.4   91.8    3.0   11.0    0.0    8.0    0.0  960.9
10852 20161124  3    4.8    4.7    5.4    6.1   99.4    3.0    8.6    0.0    7.9    0.0  961.2
10852 20161123  3   -0.6    0.3    4.8    8.6   98.3    1.0    5.5    1.1    7.9    0.0  960.9
10852 20161122  3   -0.7    1.4    5.7   10.3   97.3    1.0    4.2    0.2    8.0    0.0  956.2
10852 20161121  3   -3.3   -0.9    5.0   12.1   94.0    1.0    2.7    1.9    7.9    0.0  950.7
10852 20161120  3   -3.8   -0.9    3.4    9.3   89.8    2.0    7.0    6.7    7.8    0.0  953.1
10852 20161119  3   -3.4   -0.4    4.5    7.4   95.8    3.0   13.6    0.0    7.0    8.6  955.6
10852 20161118  3    3.4    5.3    8.2   13.5   85.9    3.0   17.6    0.1    7.8   11.5  952.6
10852 20161117  3    3.3    5.9    8.4   10.8   92.8    3.0   11.8    0.9    7.6    0.3  957.9
10852 20161116  3    4.6    5.0    7.3    8.6   98.0    3.0    9.8    0.0    7.7   10.0  965.3
10852 20161115  3   -1.5   -1.4    2.3    5.9   86.6    2.0    7.7    0.4    7.8    6.2  972.6
10852 20161114  3   -9.7   -6.7   -2.5    1.4   87.9    2.0    7.3    5.3    2.6    0.0  974.2
10852 20161113  3   -6.2   -3.4   -0.6    2.1   92.1    2.0    7.1    0.0    6.3    0.0  968.9
10852 20161112  3   -5.5   -2.8    0.8    2.7   90.0    2.0    5.5    0.1    6.7    0.0  966.5
10852 20161111  3    0.4    0.5    3.0    5.4   95.0    3.0   13.4    0.3    7.7    4.1  956.7
10852 20161110  3    2.5    3.7    5.1    6.9   87.1    4.0   15.0    0.6    7.5    6.6  952.0
10852 20161109  3   -1.2    0.0    2.3    5.4   85.6    2.0   12.1    0.1    7.6    4.1  950.8
10852 20161108  3   -5.4   -2.3    0.5    4.3   90.9    2.0    6.6    1.8    7.4    0.0  954.1
10852 20161107  3   -5.3   -2.3    1.5    4.7   93.3    2.0    7.3    2.4    7.0    0.9  951.8
10852 20161106  3   -0.9    1.5    3.9    6.3   96.1    2.0    6.6    0.0    7.3    3.8  946.8
10852 20161105  3    2.8    4.0    8.9   14.1   87.0    2.0    9.9    0.2    7.6   11.3  947.8
10852 20161104  3   -7.0   -4.3    2.1   10.5   91.5    1.0    6.3    7.4    6.9    0.2  959.7
10852 20161103  3   -5.2   -2.4    2.3    8.3   90.5    1.0    4.8    1.7    6.9    0.0  965.3
10852 20161102  3   -2.1    0.9    5.6    9.0   93.8    2.0    9.0    0.0    7.1    0.8  962.0
10852 20161101  3   -2.3   -0.6    3.4    9.3   98.3    2.0    6.0    1.9    7.5    0.0  965.5
10852 20161031  3   -2.3   -0.5    5.5   11.1   89.9    2.0    6.5    9.1    3.7    0.0  971.6
10852 20161030  3    0.9    1.6    5.9   11.5   90.9    1.0    4.4    6.8    5.0    0.0  973.6
10852 20161029  3   -0.8    1.5    7.1   12.3   95.4    2.0    7.0    1.6    5.2    0.4  976.1
10852 20161028  3   -2.4   -0.3    4.6   11.2   97.1    1.0    4.5    2.8    7.3    0.0  977.4
10852 20161027  3   -1.4    1.2    7.0   12.0   89.9    2.0    5.5    5.8    4.4    0.0  976.5
10852 20161026  3    1.6    3.6    8.8   12.5   93.8    1.0    4.1    0.1    7.8    0.0  971.1
10852 20161025  3    3.9    6.6   11.5   14.3   96.4    2.0    8.2    0.0    7.5    0.7  965.7
10852 20161024  3    5.2    7.4   12.0   18.8   90.3    2.0    6.0    3.2    7.8    6.2  958.8
10852 20161023  3   -3.5   -1.6    5.7   11.9   93.3    1.0    4.6    2.5    6.8    1.3  957.1
#10852 20161022  3   -2.9    0.2    5.4   10.5   87.7    2.0    8.1    2.9           0.0  958.7
10852 20161021  3    4.5    4.9    6.2    7.8   87.4    2.0    8.5    0.2    7.8    0.0  958.5
10852 20161020  3    1.1    3.7    7.6   11.8   80.5    3.0   11.0    3.0    6.2    2.5  958.4
10852 20161019  3    4.9    6.3    8.8   11.8   86.7    3.0   11.7    2.0    7.5    2.4  962.2
10852 20161018  3    7.1    8.7   10.8   13.4   97.3    2.0    8.6    0.5    7.6    4.4  966.4
10852 20161017  3    3.5    4.7   10.4   14.4   95.1    1.0    6.0    0.1    7.9    4.2  967.2
10852 20161016  3    1.7    3.7    8.9   18.2   93.1    1.0    5.9    5.6    5.7    0.0  966.0
10852 20161015  3    2.7    4.8   10.5   17.3   91.2    1.0    8.0    1.8    7.0    0.1  958.8
10852 20161014  3    4.5    5.4    8.9   12.5   88.0    3.0   13.4    0.3    7.6    0.0  952.5
10852 20161013  3   -1.8    0.9    5.9   10.4   86.4    3.0   12.1    4.8    6.7    0.0  958.2
10852 20161012  3   -1.1    1.8    5.0    9.7   91.5    2.0    6.3    2.8    4.7    0.0  961.4
10852 20161011  3    3.4    4.0    5.6    9.8   90.2    2.0    8.5    1.2    7.9    2.8  961.5
10852 20161010  3   -3.1   -1.0    4.9    9.8   91.8    1.0    5.1    1.1    6.4    0.1  965.6
10852 20161009  3   -0.7    0.1    5.6   11.5   87.3    2.0    6.0    2.7    6.9    0.0  966.5
10852 20161008  3    1.8    4.1    7.2   10.0   90.0    1.0    5.3    0.2    7.8    0.0  964.2
10852 20161007  3    6.6    7.0    8.3   10.2   92.1    2.0    5.3    0.0    7.9    0.0  961.5
10852 20161006  3    3.5    4.9    6.8    8.5   93.7    2.0    5.1    0.0    7.9    1.2  962.9
10852 20161005  3    0.1    2.9    6.1   10.5   82.0    3.0    9.7    7.5    4.2    0.6  970.8
10852 20161004  3    2.0    5.3    8.7   11.3   95.1    2.0    9.8    0.0    7.5    0.2  972.4
10852 20161003  3    3.2    5.2   10.1   14.2   83.8    3.0   10.2    1.8    7.3    1.4  968.3
10852 20161002  3    3.0    6.7   11.4   13.9   93.4    2.0    7.2    0.5    6.7    2.2  960.7
10852 20161001  3    6.0    7.7   15.5   22.2   74.3    2.0    9.4    8.0    7.6    0.1  957.4
10852 20160930  3    6.7    9.1   15.7   23.2   73.0    2.0   11.5   10.7    1.1    0.0  961.2
10852 20160929  3    6.3    9.5   15.5   23.1   76.4    2.0    9.7   10.4    3.8    0.0  966.9
10852 20160928  3    4.0    6.3   13.6   20.7   84.0    2.0    8.2    8.3    5.4    0.0  972.6
10852 20160927  3    5.3    7.4   12.2   19.4   93.0    1.0    3.8    4.2    4.0    0.0  969.9
10852 20160926  3    3.7    6.3   13.5   21.9   84.8    2.0    6.8   10.4    1.0    0.0  965.8
10852 20160925  3    2.4    3.8   12.1   20.7   84.3    1.0    5.8   11.0    3.6    0.0  965.5
10852 20160924  3    3.4    4.8   11.9   20.2   83.5    2.0    7.8    8.9    4.3    0.0  969.5
10852 20160923  3    2.0    4.6   11.2   18.9   87.0    1.0    5.0    7.1    5.9    0.0  969.2
10852 20160922  3    0.3    1.9   10.2   18.4   80.9    1.0    8.7   10.7    4.7    0.0  966.1
10852 20160921  3    0.8    2.8    8.9   15.8   87.4    2.0    6.3    6.8    2.7    0.0  963.3
10852 20160920  3    2.8    5.7   11.9   15.4   87.0    2.0    6.1    3.4    6.1    0.0  962.4
10852 20160919  3   11.0   11.1   11.9   12.7   98.5    2.0    6.6    0.0    7.7   18.0  960.7
10852 20160918  3   12.2   12.1   13.4   14.5   97.7    3.0   10.0    0.0    7.7   17.7  956.5
10852 20160917  3   12.2   12.5   13.8   15.5   93.9    3.0    8.9    0.0    7.7   19.5  958.4
10852 20160916  3    9.1   11.4   16.8   21.8   77.3    2.0    6.7    5.0    6.3    7.7  958.9
10852 20160915  3    8.7   11.0   19.9   28.5   70.8    2.0    6.4    8.3    4.0    0.0  956.6
10852 20160914  3    6.9    9.3   19.2   27.3   73.2    2.0    8.9   11.7    0.0    0.0  958.5
10852 20160913  3    9.1   11.4   19.6   28.6   73.7    2.0    7.1   11.8    0.2    0.0  960.9
10852 20160912  3    9.3   11.4   19.5   29.5   74.8    1.0    4.1   11.4    1.7    0.0  963.0
10852 20160911  3   10.2   12.5   19.7   27.9   76.7    1.0    7.7   10.8    0.7    0.0  963.0
10852 20160910  3    8.4   10.1   18.7   27.6   76.9    1.0    5.9   11.5    1.0    0.0  961.5
10852 20160909  3    8.9   11.4   19.1   27.3   75.1    1.0    4.4   10.9    2.1    0.0  962.0
10852 20160908  3    6.8    9.1   18.2   27.6   78.0    2.0    6.5   11.7    1.6    0.0  959.9
10852 20160907  3    9.2   11.1   16.6   23.9   80.8    2.0   10.9    8.2    1.8    0.0  964.6
10852 20160906  3    7.9   11.0   16.5   22.1   75.0    2.0    7.9    8.1    4.1    0.0  969.7
10852 20160905  3   11.5   12.9   15.9   18.6   78.5    3.0   15.3    4.1    7.4    0.4  964.7
10852 20160904  3    8.4   12.1   18.4   23.9   77.0    3.0   12.7    2.9    6.4    5.4  961.2
10852 20160903  3    9.0   11.0   18.1   25.3   75.5    2.0    6.1    6.1    8.0    0.0  964.4
10852 20160902  3    8.1   10.5   18.1   26.1   75.7    1.0    4.3   10.2    5.6    0.0  965.8
10852 20160901  3   10.8   12.9   18.8   25.3   78.2    2.0    5.7    5.3    5.4    0.0  966.7
10852 20160831  3    8.9   11.3   18.1   25.7   77.9    2.0    7.5   11.9    0.0    0.3  965.6
10852 20160830  3   11.3   12.5   18.1   23.8   76.6    2.0    7.7   10.4    2.5    0.0  967.4
10852 20160829  3   11.9   14.3   18.7   23.7   84.0    2.0    8.8    2.2    7.5    1.6  964.4
10852 20160828  3   12.0   14.1   22.0   30.8   73.8    2.0    6.6    8.3    4.1    0.2  962.2
10852 20160827  3   11.0   12.6   21.6   30.3   75.2    1.0    6.9   12.3    0.0    0.0  963.7
10852 20160826  3    6.7    9.4   20.2   30.1   76.5    1.0    4.0   12.5    0.0    0.0  963.7
10852 20160825  3    8.8   12.6   20.5   27.8   63.3    2.0    8.0   12.6    0.0    0.0  964.4
10852 20160824  3    8.3   11.0   19.4   26.5   72.5    2.0   11.4   12.6    0.0    0.0  968.3
10852 20160823  3    7.8    9.3   17.6   25.1   77.1    2.0    4.9   12.7    0.3    0.0  972.1
#10852 20160822  3    9.0   11.0   15.7   21.7                         9.2           0.0       
#10852 20160821  3   10.1   11.6   15.7   20.5                         3.5           0.9       
#10852 20160820  3   10.9   13.4   20.2   26.5                         4.7           6.4       
10852 20160819  3   12.2   13.4   18.4   24.4   80.6    2.0    5.8    6.8    7.0    0.0  957.6
10852 20160818  3    9.1   10.7   17.0   23.6   81.2    2.0   11.1    5.8    6.0    0.2  955.8
10852 20160817  3    9.3   10.8   17.0   23.9   71.3    2.0    5.2    8.0    5.2    0.0  957.9
10852 20160816  3    9.0   11.1   19.0   26.5   73.0    1.0    5.5   11.9    2.3    0.0  960.9
10852 20160815  3   11.2   13.7   19.5   25.9   73.5    2.0    7.0   11.1    4.0    0.0  965.4
10852 20160814  3   10.2   11.7   19.7   27.0   74.0    1.0    6.1   11.1    4.5    0.0  966.8
10852 20160813  3    8.6   10.5   18.4   26.1   76.3    2.0    5.4   13.2    1.2    0.0  968.9
10852 20160812  3   10.8   11.0   13.9   16.7   92.7    3.0   10.8    0.0    7.8    0.4  970.2
10852 20160811  3    8.8    9.8   13.3   18.4   72.9    2.0    6.3    8.7    6.3    2.9  967.9
10852 20160810  3    7.4    8.8   12.9   18.1   78.0    2.0   10.5    3.4    7.2    4.5  964.3
10852 20160809  3    8.3    9.8   15.1   17.6   85.1    2.0    9.5    0.2    7.6    0.7  964.9
10852 20160808  3    8.0   10.2   19.4   27.6   74.0    2.0    8.1   11.6    2.4    1.1  965.9
10852 20160807  3    7.3    8.9   16.8   24.4   74.8    1.0    5.1   13.1    1.3    0.0  972.0
10852 20160806  3    8.6   10.4   15.8   21.1   84.0    2.0    7.3    5.7    5.4    0.0  970.6
10852 20160805  3    9.6   11.6   14.6   17.7   93.8    2.0    9.3    0.1    7.5   19.2  963.1
10852 20160804  3    9.0   12.2   20.8   29.4   67.0    2.0   15.8   11.4    4.5   23.7  958.2
10852 20160803  3   10.0   12.3   19.7   26.6   73.9    2.0   10.3    7.7    6.6    0.0  961.3
10852 20160802  3    8.8   10.4   17.0   21.5   78.6    3.0    9.6    0.3    7.8    0.0  963.5
10852 20160801  3    8.5   10.4   16.5   22.1   73.2    2.0    7.7   11.8    3.6    0.0  964.3
10852 20160731  3   14.4   15.7   18.5   22.1   87.9    2.0   13.6    1.0    7.6    6.6  959.1
10852 20160730  3   10.8   13.2   21.1   28.7   75.6    2.0   10.2   11.4    2.6    3.6  959.5
10852 20160729  3   13.3   15.1   19.9   25.8   75.1    2.0    9.3    6.8    6.4    0.0  960.9
10852 20160728  3   11.7   13.7   19.1   24.9   77.6    2.0    8.9    6.9    6.5    0.0  962.4
10852 20160727  3   13.7   15.1   19.9   25.6   80.1    2.0    8.6    6.5    6.6    0.1  962.4
10852 20160726  3   12.8   14.4   20.1   26.4   84.2    2.0   11.1    8.1    4.4    0.0  964.1
10852 20160725  3   13.9   14.9   20.0   25.9   87.0    2.0    7.1    5.8    5.5    1.8  963.8
10852 20160724  3   13.9   14.6   20.8   27.4   78.3    2.0    6.5   10.8    3.3    0.0  963.7
10852 20160723  3   15.1   16.0   20.1   24.8   84.7    2.0    7.2    4.3    7.4    3.8  962.2
10852 20160722  3   12.3   12.9   19.9   25.4   81.3    2.0    9.2    7.9    7.4    0.0  961.0
10852 20160721  3   13.3   14.6   20.4   25.6   81.9    2.0   12.4    6.3    5.4    2.6  961.2
10852 20160720  3   10.8   12.6   22.5   30.6   64.0    2.0    5.7   14.3    0.8    3.4  962.4
10852 20160719  3   11.8   13.4   21.1   28.0   68.3    1.0    5.0   14.3    0.8    0.0  965.9
10852 20160718  3   13.4   14.5   20.5   26.3   74.3    2.0    7.7   12.2    3.6    0.0  966.5
10852 20160717  3   13.4   13.7   19.1   24.6   74.5    2.0    8.4    7.2    7.2    0.0  967.0
10852 20160716  3    4.6    6.5   14.6   20.9   71.8    2.0    6.7    8.5    5.0    0.0  969.8
10852 20160715  3    4.7    6.5   12.3   16.9   78.2    2.0    8.7    8.2    3.1    0.0  969.3
10852 20160714  3    8.3   10.1   12.7   17.4   82.2    3.0   10.4    2.4    6.9    1.3  962.5
10852 20160713  3   10.9   11.5   14.6   19.3   89.6    3.0   10.6    1.1    7.5   15.6  959.4
10852 20160712  3   15.1   15.4   17.2   20.3   93.3    2.0   10.6    0.1    7.7   14.7  959.4
10852 20160711  3   16.0   18.0   23.5   30.3   70.1    2.0   11.8    8.4    7.2   32.3  958.4
10852 20160710  3   11.1   12.4   22.2   31.1   68.5    2.0    5.7   14.4    1.8    0.0  960.5
10852 20160709  3   12.6   13.9   21.0   26.3   65.5    2.0    9.1    9.2    5.8    0.0  964.6
10852 20160708  3    7.1    8.9   19.5   27.7   65.5    2.0   10.4   12.5    5.4    0.0  963.0
10852 20160707  3    6.8    8.2   16.6   23.2   68.4    1.0    7.6   14.3    1.8    0.0  965.7
10852 20160706  3    9.1   10.2   16.6   20.6   66.8    3.0   10.4    9.5    6.2    0.0  964.8
10852 20160705  3    9.6   10.8   18.6   25.5   71.7    2.0   10.5   11.6    4.5    0.0  961.7
10852 20160704  3   11.6   13.3   18.0   23.6   67.6    2.0    5.1   10.9    6.1    0.0  965.6
10852 20160703  3    6.9    8.8   14.7   19.3   76.3    2.0    7.5    2.1    6.8    0.0  966.5
10852 20160702  3    9.7   10.7   17.0   21.4   87.5    2.0   13.5    2.0    7.1    2.4  961.8
10852 20160701  3   11.5   13.1   20.6   26.8   75.5    2.0    8.6   13.8    3.1    0.0  962.1
10852 20160630  3   13.2   14.4   17.9   23.7   86.9    2.0   17.7    3.4    7.1   23.4  960.9
10852 20160629  3   12.1   13.8   19.8   24.4   70.7    2.0    9.5    7.3    5.8    4.3  959.8
10852 20160628  3   12.4   13.8   18.7   25.1   69.6    1.0    7.2    6.5    6.3    0.0  962.6
10852 20160627  3    9.0   10.7   16.9   21.7   69.1    2.0    9.1    9.2    5.7    0.0  965.3
10852 20160626  3   12.7   13.9   15.7   18.7   77.4    2.0    7.3    0.0    7.6    0.3  963.7
10852 20160625  3   12.6   14.3   20.7   27.7   75.5    2.0   16.3    8.0    6.0    5.9  959.2
10852 20160624  3   10.5   13.0   23.5   31.5   67.3    2.0    9.9   14.6    1.0    0.0  962.0
10852 20160623  3   11.3   15.1   23.3   30.6   66.0    2.0    9.0   14.9    0.0    0.0  966.1
10852 20160622  3   12.4   15.0   20.9   27.5   72.5    2.0    4.8   10.8    4.1    0.0  968.7
10852 20160621  3   13.4   13.9   18.0   23.0   76.0    2.0    8.9    1.8    7.7    0.0  966.8
10852 20160620  3    5.7    8.3   15.7   22.1   72.6    2.0    5.8   10.5    5.0    0.3  966.1
10852 20160619  3   11.4   11.8   13.7   17.3   86.9    2.0    6.8    0.4    7.8    0.4  966.5
10852 20160618  3    5.9    8.8   15.1   21.3   73.0    2.0    8.0    8.5    6.5    0.3  962.4
10852 20160617  3    6.1    8.5   13.0   18.7   82.3    3.0   16.1    6.8    5.9    1.6  955.1
10852 20160616  3   11.6   11.7   14.7   19.0   86.7    2.0    9.0    1.8    7.6   15.4  948.6
10852 20160615  3    9.8   10.8   15.5   20.4   72.0    3.0   12.5    9.1    6.8    0.2  948.4
10852 20160614  3   11.0   11.6   14.6   19.9   82.3    2.0   12.4    3.8    7.7    2.0  948.0
10852 20160613  3   12.1   12.5   14.8   18.6   86.7    3.0   11.8    2.0    7.8    0.6  950.2
10852 20160612  3   10.8   12.0   15.1   20.1   86.8    3.0   15.1    1.8    7.7    7.1  954.8
10852 20160611  3   11.5   11.7   14.5   18.2   88.6    2.0    5.9    1.8    7.8    3.6  956.0
10852 20160610  3    7.5    8.8   15.5   21.6   73.6    2.0    8.0   13.1    5.5    0.2  957.6
10852 20160609  3    7.7    9.3   14.6   18.7   86.6    2.0    6.7    4.6    6.5    0.1  960.6
10852 20160608  3   13.8   13.7   16.2   20.1   88.7    2.0    9.5    0.6    7.5   25.9  963.1
10852 20160607  3    8.0    9.4   18.8   26.3   72.3    2.0    7.3   12.0    3.0   21.6  965.2
10852 20160606  3    8.0    9.6   17.5   24.6   78.0    2.0    8.4   10.0    4.4    0.0  963.9
10852 20160605  3    9.1   11.2   15.7   20.7   89.0    2.0    5.8    1.9    7.3    7.3  961.0
10852 20160604  3   12.1   12.4   16.2   21.2   83.5    2.0    5.8    2.4    7.7    0.2  957.3
10852 20160603  3    9.1    9.7   14.5   20.0   89.1    2.0    6.2    2.8    7.6    0.3  955.7
10852 20160602  3    9.0   10.2   14.0   17.9   91.0    2.0    6.8    0.1    7.8   10.2  956.1
10852 20160601  3   11.8   12.5   15.3   19.8   79.9    3.0    9.2    4.4    7.2    0.7  957.7
10852 20160531  3    7.6    9.5   14.8   18.0   79.8    2.0    6.8    2.8    7.6    5.9  956.4
10852 20160530  3   10.3   11.7   15.8   20.3   79.1    3.0   12.9    4.2    7.8    0.0  951.9
10852 20160529  3   11.9   13.2   17.3   22.8   85.3    3.0   18.4    4.5    7.2   14.3  950.6
10852 20160528  3   10.2   11.5   17.8   24.5   78.3    2.0    6.7    8.4    6.1   26.7  957.1
10852 20160527  3    9.8   12.0   17.8   24.0   76.6    2.0    6.9    5.1    7.4    0.4  959.0
10852 20160526  3    6.5    8.4   16.5   23.3   73.8    1.0    5.2   11.7    4.8    0.0  960.2
10852 20160525  3    7.5    9.4   12.2   17.0   83.5    1.0    5.2    3.3    7.7    1.0  959.3
#10852 20160524  3    8.1    8.2    9.7   10.8   92.3                  0.0    7.7    3.5  957.9
#10852 20160523  3    8.0    8.0   10.2   14.2   88.8                  0.1    7.8   18.0       
#10852 20160522  3    5.6    8.0   18.6   28.0   64.2    2.0          11.0    5.5    4.5  956.0
10852 20160521  3    3.4    6.5   15.8   23.0   65.3    2.0    6.3   13.1    7.5    0.0  962.8
10852 20160520  3    5.6    7.6   12.3   18.3   74.9    2.0    7.2    8.7    6.6    0.0  964.8
10852 20160519  3    9.0    9.0   10.5   12.3   89.3    2.0   10.5    0.2    7.5   14.4  957.1
10852 20160518  3    0.9    3.2   12.0   18.2   64.0    2.0   10.9    9.5    6.4    3.0  957.5
10852 20160517  3    0.3    2.9    8.2   13.3   75.4    2.0    7.9    3.7    7.4    0.0  963.0
10852 20160516  3    3.1    4.5    6.4   10.5   81.0    3.0   12.4    0.5    7.5    5.1  963.7
10852 20160515  3    2.7    4.4    7.1   10.6   63.7    3.0   11.3    2.2    7.7    0.0  962.4
10852 20160514  3    1.2    4.8   11.0   15.4   82.5    2.0   12.2    1.0    6.6    6.6  952.6
10852 20160513  3    8.9    9.2   11.3   16.4   91.4    2.0    8.6    0.2    7.6   30.7  944.5
10852 20160512  3    6.3    9.2   11.7   14.6   86.8    2.0   10.3    0.6    7.7   23.1  943.2
10852 20160511  3    4.3    6.8   15.7   20.8   73.3    3.0   11.6    4.5    7.8    0.0  949.3
10852 20160510  3    5.0    9.2   15.2   19.8   67.8    2.0    7.2    1.4    6.7    0.0  955.3
10852 20160509  3    3.2    7.7   16.9   23.6   51.7    3.0   10.5   12.6    3.8    0.0  957.5
10852 20160508  3    1.9    6.7   16.2   22.7   50.4    3.0   12.2   13.7    0.1    0.0  956.7
10852 20160507  3    1.1    5.0   15.6   22.6   53.3    3.0   12.2   13.7    0.0    0.0  956.6
10852 20160506  3   -0.3    3.3   14.0   21.2   61.0    2.0    9.8   13.6    0.2    0.0  960.4
10852 20160505  3   -1.6    1.7    9.6   16.0   71.3    3.0   12.1   11.5    1.6    0.0  966.9
10852 20160504  3   -1.1    1.7    8.4   14.0   61.7    2.0    8.4   11.0    2.6    0.0  969.9
10852 20160503  3    0.9    4.6    9.9   17.0   73.7    3.0   15.3    5.7    5.8    1.0  963.7
10852 20160502  3    1.4    3.9   10.6   17.4   68.9    2.0    9.3   11.9    3.2    0.0  964.3
10852 20160501  3    3.5    6.0    9.7   14.0   76.8    2.0   11.4    1.2    7.8    2.0  960.0
10852 20160430  3   -3.1   -0.3   10.7   18.5   56.2    2.0    8.7    9.9    5.4    0.0  958.3
10852 20160429  3   -5.0   -2.8    7.0   15.6   61.9    2.0    5.7   12.3    2.8    0.0  961.4
10852 20160428  3   -5.3   -2.0    3.1    9.6   75.8    2.0   13.5    7.4    4.5    0.5  959.5
10852 20160427  3   -4.4   -1.7    2.9    7.4   75.3    4.0   19.1    6.4    5.2    0.2  954.3
10852 20160426  3    0.0    0.2    3.0    7.0   83.1    3.0   16.4    0.0    7.3    8.7  948.8
10852 20160425  3   -1.6   -0.2    2.9    6.8   74.4    3.0   13.1    3.1    7.5    0.0  955.0
10852 20160424  3   -4.2   -1.2    3.0    7.6   76.4    2.0   11.1    3.1    7.0    0.2  956.1
10852 20160423  3    0.8    2.3    8.8   14.1   78.2    2.0   11.5    0.5    7.8    3.6  952.8
10852 20160422  3   -1.8    1.0   11.4   19.0   64.4    2.0    7.8   10.1    7.1    0.0  959.3
10852 20160421  3   -3.7    0.5    9.1   18.4   65.3    2.0    7.3   12.3    3.3    0.0  965.8
10852 20160420  3   -1.9    2.0    7.8   14.1   69.5    2.0    6.2   12.4    2.8    0.0  970.9
10852 20160419  3   -1.5    1.4    7.7   12.4   74.1    2.0    7.9    5.6    5.5    0.0  968.7
10852 20160418  3    2.9    4.9    7.4    9.7   82.0    2.0    6.7    0.1    7.8    0.0  963.2
10852 20160417  3    4.5    5.7    8.7   12.1   88.9    3.0    9.3    0.0    7.4    8.6  954.3
10852 20160416  3    7.1    7.7   11.6   17.8   79.9    3.0   16.8    3.6    7.5    1.9  951.0
10852 20160415  3   -0.6    1.8    8.1   11.7   88.0    2.0   12.6    0.2    7.7    9.5  953.8
10852 20160414  3   -0.5    2.8    8.6   14.1   79.0    2.0    7.8    2.8    7.0    0.2  956.7
10852 20160413  3    4.4    6.2   10.1   17.3   80.3    2.0   15.8    5.3    6.9    2.1  953.1
10852 20160412  3    0.7    3.7   10.0   16.7   78.5    2.0   10.4    6.4    5.8    7.4  955.6
10852 20160411  3   -2.3    1.5    8.7   16.1   75.0    2.0    9.4   12.1    0.8    0.0  955.8
10852 20160410  3   -0.3    2.6    8.4   13.2   77.1    2.0    7.4    1.7    6.8    0.0  955.6
10852 20160409  3    4.2    4.7    7.1   10.5   80.5    1.0    5.8    0.0    7.6    0.5  952.5
10852 20160408  3    3.6    4.0    6.5    9.0   76.8    2.0    5.8    0.0    7.8    0.0  955.4
10852 20160407  3    0.0    3.5    7.5   10.9   80.7    2.0    9.8    1.7    6.3    0.9  956.4
10852 20160406  3    3.0    5.8   10.6   15.1   75.1    3.0    9.3    3.3    6.5    0.0  957.8
10852 20160405  3    0.7    3.5   11.9   18.0   79.2    2.0   11.0    4.7    7.3    1.5  952.4
10852 20160404  3    3.8    7.1   13.1   20.0   75.1    2.0    7.0    8.0    6.0    0.0  952.6
10852 20160403  3   -0.1    2.8   11.2   20.1   77.1    2.0    6.4    6.2    6.6    0.0  956.4
10852 20160402  3    1.2    4.3    8.9   15.4   80.0    2.0    7.5    2.9    6.4    0.0  961.2
10852 20160401  3    2.3    4.9    6.9    8.8   88.5    3.0    8.8    0.0    7.9    0.0  959.6
10852 20160331  3    0.9    3.0   11.4   18.8   81.7    2.0    5.9    4.4    7.2    0.0  953.0
10852 20160330  3    5.1    6.5   10.1   14.4   83.9    2.0    9.3    0.2    7.8    2.2  957.3
10852 20160329  3    0.0    4.0    9.2   14.0   63.2    3.0   19.1    9.2    6.0    0.7  956.2
10852 20160328  3   -3.0   -0.1    8.2   14.3   71.9    3.0   12.7    6.2    5.2    1.3  953.1
10852 20160327  3   -3.5   -0.6    6.5   13.6   81.8    2.0   10.3    3.6    7.0    1.3  957.6
10852 20160326  3   -0.7    2.9    7.1   12.4   77.2    2.0    9.2    5.7    4.8    0.0  962.6
10852 20160325  3    1.4    2.8    4.9    7.4   81.9    3.0   12.4    0.0    7.8    8.6  959.1
10852 20160324  3   -0.4    1.9    4.6    7.9   74.5    2.0    8.2    0.6    7.9    0.0  958.0
10852 20160323  3    0.9    2.0    4.7    8.2   75.7    2.0    7.0    0.6    7.8    0.5  952.6
10852 20160322  3    0.8    2.3    5.1    8.5   71.2    2.0    7.9    2.0    7.4    0.1  956.4
10852 20160321  3   -2.9   -0.5    4.6    9.2   71.8    2.0    7.8    3.5    7.3    0.0  960.7
10852 20160320  3   -3.2    1.1    4.4    9.4   71.3    2.0    7.5    6.1    5.1    0.0  961.3
10852 20160319  3   -6.8   -3.5    3.3    8.7   79.2    2.0    8.1   10.3    3.0    0.0  962.4
10852 20160318  3   -8.0   -4.1    4.0   13.3   74.8    2.0    6.6   10.6    0.1    0.0  963.1
10852 20160317  3   -7.3   -3.4    3.1   11.1   76.3    2.0    6.3   10.7    0.0    0.0  967.4
10852 20160316  3   -5.0   -1.3    2.0    6.8   76.4    4.0   15.8    7.4    3.9    0.0  966.1
10852 20160315  3   -6.9   -3.9   -0.4    1.1   90.7    2.0    7.7    0.0    7.5    4.6  965.9
10852 20160314  3   -6.8   -3.4    2.4    8.0   72.5    3.0   11.6    5.9    5.5    0.0  970.5
10852 20160313  3    1.1    1.4    3.9    7.2   79.2    4.0   12.1    0.7    7.8    0.0  970.5
10852 20160312  3    1.7    2.2    4.4    7.1   75.5    3.0    9.1    0.2    7.8    0.0  968.6
10852 20160311  3   -7.9   -5.4    2.1    7.5   79.6    2.0    9.4    4.7    4.6    0.0  966.0
10852 20160310  3   -7.8   -6.1    0.8    8.3   84.0    1.0    6.4    6.8    2.3    0.0  958.7
10852 20160309  3   -9.3   -6.4   -1.9    3.6   90.2    2.0    8.4    2.5    2.5    0.0  954.2
10852 20160308  3   -8.0   -4.8   -0.3    5.4   84.5    2.0    7.4    6.9    4.6    0.0  956.9
10852 20160307  3   -4.8   -2.2    1.1    4.7   80.7    2.0    7.2    3.6    7.0    0.5  948.6
10852 20160306  3   -3.7   -1.5    2.1    5.3   81.6    3.0   12.3    1.5    6.8    0.0  945.8
10852 20160305  3   -3.1   -0.8    2.5    6.8   87.4    2.0    7.4    0.4    7.7    7.3  940.5
10852 20160304  3   -2.0   -0.8    3.3    6.9   74.2    3.0    9.9    5.5    7.5    0.0  947.0
10852 20160303  3   -0.5    0.4    2.1    4.5   79.9    3.0    8.5    0.1    7.8    0.0  947.6
10852 20160302  3   -0.1    0.8    3.4    7.7   87.8    4.0   15.8    0.0    7.6    6.5  950.3
10852 20160301  3   -3.8   -1.6    0.0    2.2   87.6    3.0    9.9    0.1    7.5    1.3  962.1
10852 20160229  3   -1.4   -1.4    2.1    5.0   91.7    3.0    9.5    0.0    7.8   12.7  954.9
10852 20160228  3   -4.2   -1.3    1.6    5.4   80.0    3.0   10.5    0.0    7.8    0.0  952.2
10852 20160227  3   -7.7   -4.3    0.4    6.2   76.1    2.0    6.4    7.8    6.5    0.0  949.8
10852 20160226  3   -7.2   -4.5    0.0    4.2   76.2    2.0    8.6    6.6    6.3    0.0  955.4
10852 20160225  3   -1.3   -0.1    0.8    2.4   89.3    2.0    4.5    0.0    7.6    1.0  955.6
10852 20160224  3   -2.2   -0.5    1.6    4.8   80.6    2.0    5.9    2.1    7.5    2.0  960.4
10852 20160223  3   -1.1    0.2    5.4   10.1   82.4    4.0   14.3    0.0    7.7    7.6  955.6
10852 20160222  3    0.9    6.1   11.7   16.3   58.6    3.0   15.1    6.7    4.5    0.0  956.1
10852 20160221  3    1.0    7.6   10.8   14.4   73.7    5.0   18.8    0.8    6.3    0.0  960.8
10852 20160220  3   -3.9   -1.8    2.4    7.7   80.9    4.0   20.9    0.0    6.3    3.3  964.1
10852 20160219  3   -3.0   -0.8    1.4    3.7   84.5    3.0   10.1    0.0    7.5    0.0  963.7
10852 20160218  3   -4.7   -1.2    2.3    6.3   78.1    2.0    7.7    4.6    7.3    0.0  959.9
10852 20160217  3   -2.9   -1.1    0.6    1.4   85.7    2.0    9.7    0.0    8.0    0.3  962.1
10852 20160216  3   -1.8   -0.1    2.0    3.8   81.3    3.0    9.5    0.1    7.5    0.0  971.8
10852 20160215  3   -1.4    0.9    3.4    5.8   88.4    2.0    6.9    0.3    7.7    0.1  954.0
10852 20160214  3    1.0    2.8    5.7    9.4   80.0    3.0   18.0    1.0    7.4    2.5  936.0
10852 20160213  3    0.9    1.3    4.3    7.9   84.0    3.0   13.5    0.7    7.6    1.8  936.8
10852 20160212  3   -2.8   -1.4    1.7    5.8   72.8    2.0   10.3    6.8    6.9    0.5  945.1
10852 20160211  3   -6.3   -3.5    1.6    5.6   74.4    3.0   12.2    0.1    7.1    0.0  950.7
10852 20160210  3    0.0    0.4    2.7    4.8   75.3    4.0   16.3    2.2    7.5    0.7  943.0
10852 20160209  3    2.3    3.7    7.8   11.8   72.8    3.0   22.7    0.0    7.7    1.0  944.0
10852 20160208  3    0.8    3.1    7.1   12.7   69.5    4.0   23.6    1.7    6.8    3.2  951.4
10852 20160207  3   -5.6   -3.2    3.0    7.3   86.5    2.0    9.5    0.8    7.2    0.4  951.8
10852 20160206  3   -4.2   -2.0    3.9   13.3   83.5    2.0    5.4    6.7    6.9    0.0  961.5
10852 20160205  3   -4.0   -0.7    3.6    7.5   89.1    2.0   10.5    0.5    6.8    0.1  970.0
10852 20160204  3   -0.6    0.5    2.0    4.0   86.1    4.0   16.3    0.7    7.4    6.4  967.6
10852 20160203  3   -0.9    0.6    3.4    9.4   85.9    3.0   15.8    0.0    7.6    5.8  963.1
10852 20160202  3    4.8    6.5    8.7   11.4   73.6    4.0   15.7    2.7    7.7    0.6  964.3
10852 20160201  3    3.3    6.3   11.1   14.0   76.5    5.0   17.9    0.7    7.7    0.0  964.7
10852 20160131  3    1.1    1.4    3.8   10.4   90.2    3.0   12.5    0.0    7.6    9.2  958.5
10852 20160130  3   -2.5    1.6    6.4   10.7   78.4    4.0   21.7    4.5    6.3    4.7  963.0
10852 20160129  3   -1.6    2.7    6.3   10.5   85.3    2.0   10.0    5.1    4.0    0.0  972.3
10852 20160128  3    4.2    5.7    8.8   12.1   75.5    3.0   10.5    0.3    7.9    6.4  967.8
10852 20160127  3   -2.2    0.9    8.3   13.7   70.3    3.0   12.6    1.4    7.9    0.0  967.3
10852 20160126  3   -3.4   -1.1    5.7   13.8   74.0    2.0    8.1    6.1    5.1    0.0  971.2
10852 20160125  3   -2.7   -0.5    4.4   11.1   82.8    1.0    4.6    4.1    4.8    0.0  973.3
10852 20160124  3   -6.5   -4.9   -0.2    3.5   90.0    1.0    3.8    0.1    7.8    0.2  977.0
10852 20160123  3   -5.5   -8.6    0.1    4.0   92.7    2.0    9.6    0.0    7.2    0.5  975.5
10852 20160122  3   -6.3  -14.4   -8.2   -6.0   93.7    2.0    4.0    0.0    7.0    1.2  972.2
10852 20160121  3   -5.7  -12.3   -3.8    2.0   84.0    2.0    5.5    0.8    5.5    0.0  968.3
10852 20160120  3   -4.2  -13.5   -6.5   -0.2   84.3    1.0    4.0    6.8    6.9    0.2  961.2
10852 20160119  3   -1.4   -7.6   -5.9   -3.2   85.9    2.0    4.2    0.1    8.0    0.0  958.4
10852 20160118  3   -2.1  -13.3   -7.5   -3.5   89.0    2.0    6.3    5.9    5.6    0.0  962.7
10852 20160117  3   -0.7   -8.7   -2.8   -1.1   83.3    3.0   10.9    1.5    7.3    1.0  964.2
10852 20160116  3   -0.7   -1.5   -0.7    0.0   87.4    3.0   12.7    0.3    7.7    0.2  962.1
10852 20160115  3   -2.5   -1.0    0.0    1.8   84.7    4.0   15.7    0.0    6.8    0.5  953.8
10852 20160114  3   -5.6   -2.5    0.8    3.7   76.1    3.0    9.6    5.4    5.0    0.6  955.6
10852 20160113  3   -1.3    0.5    2.4    3.7   82.5    5.0   18.5    0.1    7.2    1.0  956.7
10852 20160112  3    0.7    2.1    4.3    5.8   78.3    4.0   16.0    0.5    6.5    0.1  944.5
10852 20160111  3    2.2    2.7    4.9    6.7   85.7    4.0   19.7    0.2    6.8    7.3  938.5
10852 20160110  3   -2.7   -0.2    4.0    6.5   92.6    2.0   10.4    0.0    6.8   15.5  944.4
10852 20160109  3   -0.5    1.8    4.9    6.9   96.3    1.0    3.8    0.0    7.6    1.0  948.2
10852 20160108  3   -0.1    1.9    3.9    7.0   83.8    2.0    7.3    3.2    5.6    3.6  950.4
10852 20160107  3   -0.2    2.0    3.5    5.8   88.5    2.0    9.2    2.3    7.0    4.4  944.7
10852 20160106  3   -2.4   -0.4    2.6    5.9   89.9    2.0    9.5    0.3    7.7    1.7  945.1
10852 20160105  3   -3.6   -1.1    2.6    6.8   87.5    2.0   11.7    3.1    6.5    0.9  941.6
10852 20160104  3   -2.5   -2.6    1.4    5.7   89.0    3.0   10.3    1.2    7.3    2.8  939.3
10852 20160103  3   -1.9   -2.2    0.2    1.4   96.4    2.0    7.7    0.0    7.8    5.1  952.0
10852 20160102  3    0.0    0.0    0.5    1.5   96.1    2.0    7.9    0.0    7.6    4.6  959.1
10852 20160101  3    1.0    1.5    2.9    3.9   97.6    2.0    7.6    0.0    7.8    0.0  968.3
10852 20151231  3   -0.8   -0.9    1.2    3.5   95.6    2.0    5.8    0.0    7.8    7.1  968.2
10852 20151230  3   -3.9   -1.9    1.0    2.9   93.7    2.0    7.7    0.0    7.3    0.0  971.2
10852 20151229  3   -8.2   -5.8   -2.3    0.0   98.3    1.0    4.3    0.5    6.8    0.0  971.9
10852 20151228  3   -7.9   -4.6    0.3    9.1   86.8    1.0    2.8    7.4    5.6    0.0  973.2
10852 20151227  3   -5.6   -1.7    3.0   11.8   82.3    2.0    4.4    7.2    4.0    0.0  974.7
10852 20151226  3   -4.2   -0.2    4.5   11.8   83.0    2.0    5.5    7.3    1.8    0.0  974.6
10852 20151225  3   -2.0    1.2    6.5   13.6   79.9    2.0    6.4    7.5    3.7    0.0  974.6
10852 20151224  3   -1.9    1.1    5.1   10.2   86.0    2.0    4.3    6.0    5.0    0.0  971.1
10852 20151223  3   -3.7    0.9    7.0   12.5   78.8    2.0    9.7    3.8    5.3    0.0  972.7
10852 20151222  3   -2.0    2.8    8.2   13.2   75.6    2.0    9.6    7.1    7.1    0.0  973.1
10852 20151221  3   -1.9   -0.3    5.0    9.7   91.5    2.0   10.3    0.0    5.7    0.6  970.8
10852 20151220  3   -3.3   -1.4    2.6   12.3   92.2    1.0    4.1    7.4    2.7    0.0  967.3
